1 1 3 4 9 11 11 13 15 15 17 21 25 26 28 32 33 35 35 38 38 38 41 41 41 43 45 49 53 55 58 65 68 69 72 74 74 75 78 79 88 90 91 93 94 96 97 102 102 103 105 106 107 109 112 113 123 124 128 128 129 131 131 133 135 136 138 139 143 144 
13 11 10 11 8 11 19 15 10 10 12 17 15 13 10 17 11 15 11 11 9 19 14 10 12 8 10 19 9 12 16 12 13 10 11 11 12 9 9 15 13 9 17 15 15 17 11 9 10 8 14 8 10 16 18 14 11 8 18 19 9 10 10 19 17 12 10 13 9 8 
1 1 1 1 1 1 1 1 1 1 1 1 1 1 1 1 1 1 1 1 1 1 1 1 1 1 1 1 1 1 1 1 1 1 1 1 1 1 1 1 1 1 1 1 1 1 1 1 1 1 1 1 1 1 1 1 1 1 1 1 1 1 1 1 1 1 1 1 1 1 
70
152
4
10000
3 34
4 19
4 21
4 52
12 20
14 40
18 20
19 4
20 12
20 18
21 4
23 28
26 37
28 23
32 49
34 3
34 53
35 57
37 26
40 14
43 51
49 32
49 62
51 43
52 4
53 34
57 35
62 49
