1 4 7 10 10 15 15 16 17 19 22 25 25 26 29 31 34 35 35 36 38 38 41 42 48 58 62 64 66 69 73 75 75 80 81 83 83 84 85 88 89 92 95 95 96 97 99 100 101 105 109 114 117 119 122 125 125 129 129 132 134 134 134 135 136 137 137 139 141 142 
8 11 9 10 8 14 8 11 11 19 11 9 9 11 10 12 11 11 12 12 8 10 8 15 16 9 10 12 15 11 10 16 19 13 19 14 18 16 11 16 17 13 14 11 9 12 18 8 16 10 18 18 10 11 13 13 11 19 13 11 11 17 18 17 11 11 15 13 11 10 
1 1 1 1 1 1 1 1 1 1 1 1 1 1 1 1 1 1 1 1 1 1 1 1 1 1 1 1 1 1 1 1 1 1 1 1 1 1 1 1 1 1 1 1 1 1 1 1 1 1 1 1 1 1 1 1 1 1 1 1 1 1 1 1 1 1 1 1 1 1 
70
152
4
10000
2 3
2 18
3 2
5 55
14 63
17 61
18 2
18 47
23 47
25 54
27 58
28 53
29 34
34 29
36 67
40 50
47 18
47 23
50 40
52 62
53 28
54 25
55 5
58 27
61 17
62 52
63 14
67 36
