0 4 5 7 9 10 14 14 16 21 21 21 23 24 32 33 34 35 36 37 39 40 42 43 44 45 52 56 56 56 60 62 65 67 74 75 76 77 80 83 84 87 89 91 95 97 103 105 107 111 111 111 115 118 120 121 121 122 125 126 127 133 133 135 135 138 139 140 140 140 
16 9 13 9 10 17 9 10 11 13 13 11 12 12 9 9 12 11 10 8 11 8 11 10 10 13 12 10 8 10 11 8 12 9 10 10 10 11 8 10 10 12 11 16 11 11 12 9 11 8 11 10 11 8 11 8 9 13 10 15 10 9 10 17 13 11 12 8 12 11 
1 1 1 1 1 1 1 1 1 1 1 1 1 1 1 1 1 1 1 1 1 1 1 1 1 1 1 1 1 1 1 1 1 1 1 1 1 1 1 1 1 1 1 1 1 1 1 1 1 1 1 1 1 1 1 1 1 1 1 1 1 1 1 1 1 1 1 1 1 1 
70
152
4
10000
2 6
2 44
4 24
6 2
8 11
11 8
18 38
24 4
26 30
27 48
30 26
31 61
31 62
38 18
38 53
44 2
44 47
46 54
47 44
48 27
49 52
52 49
53 38
54 46
58 64
61 31
62 31
64 58
