4 5 6 11 13 15 17 24 27 32 33 43 44 48 50 51 58 63 64 65 68 69 71 73 74 76 80 81 83 88 90 91 92 96 98 99 99 100 102 104 120 121 124 131 138 139 142 143 144 145 
7 7 5 6 5 9 8 6 6 4 5 5 5 6 7 6 6 6 7 4 7 5 6 8 8 4 7 6 9 5 8 11 6 7 6 5 7 13 9 5 8 7 7 9 9 6 6 7 8 7 
1 1 1 1 1 1 1 1 1 1 1 1 1 1 1 1 1 1 1 1 1 1 1 1 1 1 1 1 1 1 1 1 1 1 1 1 1 1 1 1 1 1 1 1 1 1 1 1 1 1 
50
152
4
10000
4 26
4 45
5 20
5 40
9 32
12 24
13 35
20 5
20 32
22 33
23 33
24 12
26 4
32 9
32 20
33 22
33 23
35 13
40 5
45 4
