0 4 11 18 22 23 30 32 38 39 44 46 49 54 55 58 61 64 66 67 69 69 72 73 75 77 78 83 84 85 88 89 89 89 91 92 97 106 108 110 117 121 122 127 129 131 139 140 143 143 
13 11 11 4 7 4 5 9 6 8 6 7 7 4 12 7 4 6 6 7 6 7 9 5 7 5 8 7 7 6 8 5 7 7 6 10 4 7 7 5 5 5 8 8 10 7 13 7 7 4 
1 1 1 1 1 1 1 1 1 1 1 1 1 1 1 1 1 1 1 1 1 1 1 1 1 1 1 1 1 1 1 1 1 1 1 1 1 1 1 1 1 1 1 1 1 1 1 1 1 1 
50
152
4
10000
2 5
5 2
6 9
8 21
9 6
10 42
11 16
12 45
13 35
16 11
20 38
21 8
31 46
33 47
35 13
38 20
42 10
45 12
46 31
47 33
