0 0 1 1 2 7 8 13 14 18 18 24 29 29 32 35 37 40 44 46 48 52 53 55 57 64 64 65 66 68 69 71 78 81 87 87 87 88 91 98 101 104 107 109 114 114 115 116 118 119 119 120 120 122 124 126 127 127 128 129 129 129 130 132 132 133 134 137 140 140 
9 6 13 4 9 7 9 6 6 11 8 4 5 10 9 7 6 12 6 4 4 6 7 7 6 6 4 5 4 7 4 9 8 6 4 4 4 4 4 6 5 7 5 7 8 6 13 7 7 8 7 6 5 7 4 5 7 6 6 6 7 5 7 9 6 7 6 9 6 12 
1 1 1 1 1 1 1 1 1 1 1 1 1 1 1 1 1 1 1 1 1 1 1 1 1 1 1 1 1 1 1 1 1 1 1 1 1 1 1 1 1 1 1 1 1 1 1 1 1 1 1 1 1 1 1 1 1 1 1 1 1 1 1 1 1 1 1 1 1 1 
70
152
4
10000
0 16
1 53
6 43
8 15
9 53
12 60
15 8
16 0
16 61
17 64
25 42
30 38
31 40
35 43
38 30
40 31
42 25
43 6
43 35
48 64
53 1
53 9
60 12
61 16
62 67
64 17
64 48
67 62