0 6 11 12 12 12 15 24 31 33 34 34 37 38 40 60 65 72 73 73 78 80 81 83 86 87 89 90 94 95 99 102 104 105 106 109 113 116 117 120 121 121 121 122 128 139 142 143 146 147 
13 4 5 4 4 7 12 5 5 5 7 7 6 4 6 9 12 8 4 10 6 5 10 7 10 10 6 4 6 8 4 9 7 4 4 4 4 6 7 8 6 5 13 4 7 6 8 9 6 5 
1 1 1 1 1 1 1 1 1 1 1 1 1 1 1 1 1 1 1 1 1 1 1 1 1 1 1 1 1 1 1 1 1 1 1 1 1 1 1 1 1 1 1 1 1 1 1 1 1 1 
50
152
4
10000
4 13
4 31
6 8
8 6
8 47
13 4
15 22
15 24
19 22
19 25
22 15
22 19
24 15
24 33
25 19
31 4
32 43
33 24
43 32
47 8
