2 8 9 13 15 17 18 22 22 23 26 29 37 41 42 47 48 53 55 56 57 61 66 68 68 69 78 81 82 82 89 89 91 95 97 98 102 103 110 112 115 117 118 122 122 131 131 134 143 143 
6 11 10 13 6 5 12 6 10 8 6 12 5 10 8 7 6 8 5 6 8 10 10 9 8 7 8 7 10 7 5 7 7 4 13 10 11 7 13 10 11 8 7 4 7 4 12 8 6 9 
1 1 1 1 1 1 1 1 1 1 1 1 1 1 1 1 1 1 1 1 1 1 1 1 1 1 1 1 1 1 1 1 1 1 1 1 1 1 1 1 1 1 1 1 1 1 1 1 1 1 
50
152
4
10000
3 5
4 17
4 28
5 3
5 33
8 44
13 30
14 33
14 34
16 33
17 4
21 34
28 4
30 13
33 5
33 14
33 16
34 14
34 21
44 8
