2 3 5 8 9 14 14 20 20 25 27 27 28 29 31 33 45 47 54 55 58 61 63 64 69 70 76 76 76 78 80 85 85 86 91 91 92 93 115 121 124 127 130 130 130 131 135 140 141 142 
8 6 8 6 4 6 4 6 8 9 10 4 10 13 10 7 8 10 11 9 5 7 9 7 4 6 7 9 4 4 13 7 6 8 10 8 9 10 9 8 9 11 5 7 8 9 10 8 9 10 
1 1 1 1 1 1 1 1 1 1 1 1 1 1 1 1 1 1 1 1 1 1 1 1 1 1 1 1 1 1 1 1 1 1 1 1 1 1 1 1 1 1 1 1 1 1 1 1 1 1 
50
152
4
10000
2 23
10 34
11 16
11 18
14 37
14 45
16 11
18 11
21 35
23 2
23 38
26 35
31 46
34 10
35 21
35 26
37 14
38 23
45 14
46 31
