1 1 5 6 11 18 25 33 33 34 36 36 40 42 45 48 52 53 56 60 69 71 73 74 75 79 80 81 92 118 118 120 123 123 124 124 127 128 128 132 133 133 135 135 137 138 138 138 140 140 
9 11 10 17 10 11 15 14 14 9 16 12 12 8 11 18 15 10 11 11 11 9 16 10 10 15 14 11 13 19 17 15 11 19 11 17 10 10 11 9 14 19 14 15 15 13 14 14 12 11 
1 1 1 1 1 1 1 1 1 1 1 1 1 1 1 1 1 1 1 1 1 1 1 1 1 1 1 1 1 1 1 1 1 1 1 1 1 1 1 1 1 1 1 1 1 1 1 1 1 1 
50
152
4
10000
5 30
6 18
8 34
9 26
12 47
18 6
20 34
24 38
26 9
26 32
29 44
30 5
32 26
34 8
34 20
37 46
38 24
44 29
46 37
47 12
