2 5 6 7 7 13 16 18 18 27 29 34 35 41 43 47 48 50 51 51 53 55 61 63 65 70 76 81 87 94 94 95 96 110 111 112 115 118 120 122 124 126 131 132 135 136 140 144 144 144 
16 11 15 11 15 11 16 10 19 10 12 10 10 11 10 14 17 8 11 13 18 13 15 15 14 8 10 17 19 10 16 8 14 12 10 10 8 18 12 9 11 11 15 12 17 16 10 8 8 8 
1 1 1 1 1 1 1 1 1 1 1 1 1 1 1 1 1 1 1 1 1 1 1 1 1 1 1 1 1 1 1 1 1 1 1 1 1 1 1 1 1 1 1 1 1 1 1 1 1 1 
50
152
4
10000
2 22
5 40
9 15
9 19
12 23
15 9
18 25
18 26
19 9
19 20
19 23
20 19
22 2
23 12
23 19
25 18
25 26
26 18
26 25
40 5
