3 3 9 9 10 11 12 14 18 19 19 19 24 30 33 37 38 42 43 43 46 57 62 63 63 65 85 86 96 98 107 109 109 111 115 116 117 120 120 121 129 129 135 135 137 139 139 141 143 144 
19 11 8 14 8 9 9 10 13 14 11 11 9 10 12 8 10 13 11 8 15 10 12 14 15 11 9 8 9 8 10 13 10 10 11 8 8 13 11 11 13 10 10 17 11 10 13 9 9 8 
1 1 1 1 1 1 1 1 1 1 1 1 1 1 1 1 1 1 1 1 1 1 1 1 1 1 1 1 1 1 1 1 1 1 1 1 1 1 1 1 1 1 1 1 1 1 1 1 1 1 
50
152
4
10000
3 30
6 15
7 25
11 24
15 6
15 35
17 20
20 17
20 27
20 35
20 45
24 11
25 7
27 20
30 3
31 42
35 15
35 20
42 31
45 20
