5 5 6 11 15 15 16 27 31 32 41 45 53 55 56 61 66 69 73 74 75 82 82 86 88 90 92 95 96 97 100 103 104 106 110 111 112 113 116 120 124 129 130 130 130 131 137 142 144 144 
9 11 11 18 11 10 9 10 9 11 14 8 14 9 11 9 12 11 9 14 14 9 11 11 8 11 9 16 11 14 11 18 10 10 14 8 9 11 9 11 17 14 10 10 9 13 8 10 8 8 
1 1 1 1 1 1 1 1 1 1 1 1 1 1 1 1 1 1 1 1 1 1 1 1 1 1 1 1 1 1 1 1 1 1 1 1 1 1 1 1 1 1 1 1 1 1 1 1 1 1 
50
152
4
10000
10 34
12 41
12 43
14 17
15 41
17 14
18 37
21 22
22 21
25 46
28 33
30 38
33 28
34 10
37 18
38 30
41 12
41 15
43 12
46 25
