6 12 12 13 19 25 26 29 32 33 34 35 43 44 46 54 61 61 66 67 70 72 78 78 79 80 81 84 87 89 101 101 101 106 111 115 116 122 125 131 133 134 134 138 139 139 141 142 142 142 
14 10 9 15 10 12 10 8 8 10 8 9 13 10 10 11 11 8 13 8 10 17 8 9 14 8 11 11 10 14 12 18 10 11 14 11 11 10 9 11 13 8 15 14 13 10 11 10 10 10 
1 1 1 1 1 1 1 1 1 1 1 1 1 1 1 1 1 1 1 1 1 1 1 1 1 1 1 1 1 1 1 1 1 1 1 1 1 1 1 1 1 1 1 1 1 1 1 1 1 1 
50
152
4
10000
2 26
3 10
4 20
5 18
9 18
10 3
10 26
18 5
18 9
20 4
26 2
26 10
27 41
29 40
30 45
35 43
40 29
41 27
43 35
45 30
