1 2 2 2 3 3 3 4 5 7 8 8 9 10 12 13 14 17 18 18 20 20 23 24 25 26 30 30 34 34 36 37 43 45 48 50 50 51 52 54 54 60 62 63 64 64 65 66 66 67 68 69 70 71 72 75 79 79 80 82 82 83 85 86 87 89 90 90 97 97 98 99 100 101 102 104 106 106 107 116 118 119 121 121 122 122 124 126 128 129 131 131 132 133 134 135 137 142 144 145 
5 6 4 6 7 6 5 9 8 4 6 12 6 11 6 9 6 5 7 9 6 10 7 9 4 6 6 6 7 8 9 8 6 6 7 6 7 8 7 6 9 9 8 6 7 5 8 6 7 9 5 6 7 7 6 10 5 7 4 5 6 8 8 10 7 6 4 4 6 10 10 8 7 10 6 6 9 13 7 6 7 8 7 8 4 7 7 4 6 4 9 5 5 4 6 6 5 7 6 7 
1 1 1 1 1 1 1 1 1 1 1 1 1 1 1 1 1 1 1 1 1 1 1 1 1 1 1 1 1 1 1 1 1 1 1 1 1 1 1 1 1 1 1 1 1 1 1 1 1 1 1 1 1 1 1 1 1 1 1 1 1 1 1 1 1 1 1 1 1 1 1 1 1 1 1 1 1 1 1 1 1 1 1 1 1 1 1 1 1 1 1 1 1 1 1 1 1 1 1 1 
100
152
4
10000
2 77
5 17
7 69
13 69
17 5
17 35
19 74
23 77
24 33
29 58
33 24
35 17
53 74
56 92
58 29
63 69
64 79
64 87
66 68
67 77
68 66
68 96
69 7
69 13
69 63
70 80
74 19
74 53
77 2
77 23
77 67
79 64
80 70
81 91
87 64
91 81
92 56
94 97
96 68
97 94
