0 3 4 5 6 7 7 10 12 13 14 14 16 19 20 22 22 23 23 23 23 27 29 30 30 34 36 37 39 40 40 43 43 45 46 46 48 52 53 58 59 62 62 63 64 64 64 67 67 69 72 73 74 80 83 84 84 85 87 88 89 90 93 93 93 99 100 101 101 102 103 104 109 109 110 116 119 120 123 123 125 127 127 128 130 131 134 136 138 138 139 143 144 144 145 145 145 147 147 150 
8 11 7 10 10 6 7 7 10 9 7 7 9 9 7 10 7 12 6 9 8 7 7 10 6 4 8 8 8 5 7 9 10 8 9 7 7 5 11 7 11 9 5 7 7 4 9 7 6 7 10 5 8 12 5 4 5 5 5 4 13 11 10 13 4 10 8 10 11 6 7 12 13 10 8 10 7 10 13 10 7 12 9 10 11 10 9 4 5 7 8 4 6 7 6 11 7 4 5 4 
1 1 1 1 1 1 1 1 1 1 1 1 1 1 1 1 1 1 1 1 1 1 1 1 1 1 1 1 1 1 1 1 1 1 1 1 1 1 1 1 1 1 1 1 1 1 1 1 1 1 1 1 1 1 1 1 1 1 1 1 1 1 1 1 1 1 1 1 1 1 1 1 1 1 1 1 1 1 1 1 1 1 1 1 1 1 1 1 1 1 1 1 1 1 1 1 1 1 1 1 
100
152
4
10000
2 24
3 77
4 67
9 68
10 78
13 38
15 36
19 70
24 2
25 37
31 35
31 63
35 31
36 15
37 25
37 49
38 13
45 47
46 55
46 67
46 69
47 45
49 37
55 46
55 94
63 31
66 93
67 4
67 46
68 9
68 89
69 46
70 19
72 90
77 3
78 10
89 68
90 72
93 66
94 55
