0 4 7 7 9 11 11 15 16 18 19 20 22 23 23 24 27 30 32 38 40 43 43 45 46 48 48 48 49 49 53 54 57 57 59 60 60 62 64 64 65 67 67 68 68 68 70 72 74 80 83 86 88 90 91 94 96 97 97 97 98 98 100 100 102 103 104 105 109 111 111 111 113 117 120 121 121 121 123 123 123 125 125 125 126 127 132 132 133 134 135 138 140 140 141 142 143 144 150 150 
8 6 11 7 8 12 9 10 5 7 10 8 7 6 7 9 7 8 4 13 8 8 9 6 7 7 8 7 8 6 12 9 4 9 11 7 13 12 9 13 12 5 6 7 6 6 5 9 10 7 9 10 9 4 10 12 4 7 10 6 7 6 10 6 12 9 10 6 9 8 8 4 5 5 4 4 6 12 8 4 4 7 8 8 6 7 9 4 13 6 6 6 8 10 9 6 12 11 10 10 
1 1 1 1 1 1 1 1 1 1 1 1 1 1 1 1 1 1 1 1 1 1 1 1 1 1 1 1 1 1 1 1 1 1 1 1 1 1 1 1 1 1 1 1 1 1 1 1 1 1 1 1 1 1 1 1 1 1 1 1 1 1 1 1 1 1 1 1 1 1 1 1 1 1 1 1 1 1 1 1 1 1 1 1 1 1 1 1 1 1 1 1 1 1 1 1 1 1 1 1 
100
152
4
10000
2 53
3 8
7 29
7 49
8 3
10 49
12 89
13 96
19 23
22 63
22 84
23 19
26 40
29 7
32 33
32 52
33 32
35 74
37 57
38 84
40 26
40 77
49 7
49 10
50 53
52 32
53 2
53 50
55 89
57 37
59 87
63 22
74 35
77 40
84 22
84 38
87 59
89 12
89 55
96 13
