1 2 3 6 7 7 12 14 14 20 22 22 25 26 26 29 29 29 30 32 34 35 38 38 41 41 41 42 47 50 50 53 53 53 54 60 60 61 62 64 64 66 66 67 70 71 72 73 74 74 76 76 77 80 84 86 86 87 89 90 90 91 94 97 97 97 98 101 102 104 105 109 109 109 110 111 111 112 113 115 116 116 117 117 118 118 120 121 125 129 129 132 132 133 140 147 149 150 150 150 
8 10 10 16 12 12 10 12 12 8 15 8 11 11 11 12 17 11 10 10 9 11 13 14 11 9 10 14 10 8 11 12 10 14 10 13 15 10 14 12 13 11 8 16 17 12 13 12 10 14 14 17 8 13 8 13 13 13 9 10 11 14 14 10 12 11 13 13 9 8 13 10 8 15 13 15 13 11 15 12 13 17 11 13 12 13 16 15 15 9 10 8 11 16 13 12 10 13 9 10 
1 1 1 1 1 1 1 1 1 1 1 1 1 1 1 1 1 1 1 1 1 1 1 1 1 1 1 1 1 1 1 1 1 1 1 1 1 1 1 1 1 1 1 1 1 1 1 1 1 1 1 1 1 1 1 1 1 1 1 1 1 1 1 1 1 1 1 1 1 1 1 1 1 1 1 1 1 1 1 1 1 1 1 1 1 1 1 1 1 1 1 1 1 1 1 1 1 1 1 1 
100
152
4
10000
2 69
7 71
8 57
11 60
11 81
13 33
15 29
15 79
17 33
17 69
22 71
26 58
29 15
29 36
33 13
33 17
36 29
40 62
43 69
44 77
45 64
57 8
58 26
60 11
62 40
64 45
69 2
69 17
69 43
71 7
71 22
77 44
79 15
79 95
81 11
81 91
84 97
91 81
95 79
97 84
