1 2 2 3 11 11 14 15 16 17 18 19 20 22 25 25 26 28 28 29 29 39 39 41 41 44 46 47 49 50 54 54 55 55 56 56 59 61 63 65 67 73 75 77 79 80 81 82 84 84 85 85 85 86 87 89 89 90 91 92 93 94 102 103 104 104 107 107 108 108 108 111 111 111 113 113 114 116 117 117 119 119 124 126 126 128 131 133 135 136 140 143 143 144 144 145 145 147 147 150 
11 11 14 9 11 11 11 13 9 11 14 11 13 8 10 8 10 14 11 8 15 8 13 12 8 13 12 9 10 10 8 13 14 10 11 9 10 11 11 8 13 12 8 10 11 10 8 12 12 8 10 13 11 11 10 11 11 12 14 10 8 11 11 11 10 10 11 10 11 11 10 11 11 8 10 12 10 13 10 14 8 10 9 10 10 9 10 10 11 14 11 14 14 8 11 8 12 12 10 11 
1 1 1 1 1 1 1 1 1 1 1 1 1 1 1 1 1 1 1 1 1 1 1 1 1 1 1 1 1 1 1 1 1 1 1 1 1 1 1 1 1 1 1 1 1 1 1 1 1 1 1 1 1 1 1 1 1 1 1 1 1 1 1 1 1 1 1 1 1 1 1 1 1 1 1 1 1 1 1 1 1 1 1 1 1 1 1 1 1 1 1 1 1 1 1 1 1 1 1 1 
100
152
4
10000
4 47
6 32
7 26
8 15
10 25
14 50
14 89
15 8
15 22
15 96
16 75
19 20
20 19
22 15
22 38
22 64
25 10
26 7
28 58
31 41
32 6
34 88
38 22
41 31
47 4
47 79
50 14
58 28
58 66
64 22
66 58
75 16
75 90
79 47
88 34
89 14
90 75
92 96
96 15
96 92
