1 1 2 2 2 3 3 5 7 7 11 14 19 19 20 20 20 24 25 26 28 30 32 34 34 38 39 41 43 45 50 54 57 59 59 60 62 64 67 70 75 78 78 79 88 90 91 91 91 94 103 103 107 108 112 114 114 117 119 120 120 125 128 129 129 130 138 139 145 146 
8 4 8 6 8 6 6 4 7 6 6 7 12 7 12 6 8 7 6 7 11 4 5 8 6 5 7 6 5 4 7 6 9 9 4 8 4 6 9 4 4 7 4 6 6 8 7 7 7 7 8 4 9 6 4 7 6 9 9 9 5 12 7 7 5 7 7 7 4 4 
1 1 1 1 1 1 1 1 1 1 1 1 1 1 1 1 1 1 1 1 1 1 1 1 1 1 1 1 1 1 1 1 1 1 1 1 1 1 1 1 1 1 1 1 1 1 1 1 1 1 1 1 1 1 1 1 1 1 1 1 1 1 1 1 1 1 1 1 1 1 
70
152
4
10000
8 43
9 29
10 57
17 45
17 47
19 27
21 54
27 19
27 44
28 51
29 9
32 37
34 52
35 40
36 39
37 32
39 36
40 35
43 8
44 27
45 17
47 17
51 28
52 34
53 59
54 21
57 10
59 53
