0 1 5 8 12 13 18 19 19 20 21 22 25 26 26 26 27 29 34 34 38 40 42 45 46 47 47 53 56 57 60 68 70 72 75 75 77 78 80 81 94 94 94 96 101 101 102 104 108 110 112 113 114 117 118 119 124 125 126 126 126 127 128 131 133 135 141 143 145 146 
13 10 11 15 10 8 8 11 10 12 11 9 11 9 8 14 18 9 8 16 9 11 11 9 12 9 10 11 12 12 10 11 21 10 15 9 9 8 8 11 11 14 11 13 9 10 10 17 11 9 15 11 10 9 10 12 9 8 11 15 10 8 8 11 8 10 19 9 14 10 
1 1 1 1 1 1 1 1 1 1 1 1 1 1 1 1 1 1 1 1 1 1 1 1 1 1 1 1 1 1 1 1 1 1 1 1 1 1 1 1 1 1 1 1 1 1 1 1 1 1 1 1 1 1 1 1 1 1 1 1 1 1 1 1 1 1 1 1 1 1 
70
152
8
10000
2 61
9 67
12 16
14 66
16 12
24 31
31 24
46 56
54 67
56 46
61 2
66 14
67 9
67 54
