0 1 2 4 7 7 10 12 15 17 19 22 23 23 23 24 29 31 36 38 38 39 39 40 42 43 47 51 59 60 61 62 64 65 68 68 70 73 75 78 79 83 86 89 96 97 100 103 106 107 107 107 108 112 115 117 118 123 123 123 125 125 125 129 129 133 136 137 139 145 
20 17 8 14 20 11 8 14 11 15 14 18 21 8 16 10 20 15 11 10 21 9 16 18 10 12 14 17 11 19 11 15 9 20 12 16 15 12 15 9 21 9 8 8 8 13 14 14 20 15 9 10 11 14 17 10 14 10 8 17 9 13 11 9 15 15 10 19 10 15 
1 1 1 1 1 1 1 1 1 1 1 1 1 1 1 1 1 1 1 1 1 1 1 1 1 1 1 1 1 1 1 1 1 1 1 1 1 1 1 1 1 1 1 1 1 1 1 1 1 1 1 1 1 1 1 1 1 1 1 1 1 1 1 1 1 1 1 1 1 1 
70
152
8
10000
6 19
8 31
9 62
19 6
21 67
28 44
31 8
39 53
44 28
51 52
52 51
53 39
62 9
67 21
