0 2 11 11 11 12 17 17 20 25 30 33 34 34 34 35 39 40 41 44 46 47 51 51 54 57 57 60 64 69 69 70 72 72 76 76 79 83 85 86 91 91 91 94 96 96 96 98 102 103 106 107 110 110 118 118 118 118 119 119 119 120 128 129 131 132 139 143 149 149 
9 20 9 19 9 16 10 17 17 11 8 10 9 11 20 18 11 14 10 14 9 17 10 10 10 15 18 14 15 20 15 11 15 10 9 11 10 13 15 9 17 9 10 8 13 14 13 10 15 14 12 13 21 8 10 9 15 8 14 16 11 20 13 14 10 14 13 17 10 11 
1 1 1 1 1 1 1 1 1 1 1 1 1 1 1 1 1 1 1 1 1 1 1 1 1 1 1 1 1 1 1 1 1 1 1 1 1 1 1 1 1 1 1 1 1 1 1 1 1 1 1 1 1 1 1 1 1 1 1 1 1 1 1 1 1 1 1 1 1 1 
70
152
8
10000
2 5
2 40
5 2
15 27
19 56
22 63
27 15
30 51
40 2
51 30
51 55
55 51
56 19
63 22
