3 5 6 7 10 16 22 24 25 28 32 35 38 40 41 43 43 44 44 45 49 50 52 53 57 59 59 60 61 62 68 68 71 74 79 81 81 87 88 89 95 95 96 97 97 99 101 107 110 110 110 114 114 117 118 121 122 122 123 124 125 129 134 134 134 135 141 142 144 145 
14 9 14 12 11 8 8 14 12 11 19 8 15 8 16 11 9 19 20 12 15 11 21 18 11 13 15 15 21 16 14 8 17 14 11 11 10 14 13 8 17 13 14 8 16 10 10 8 15 8 8 8 21 11 14 15 15 11 19 20 11 15 14 13 16 12 17 12 9 13 
1 1 1 1 1 1 1 1 1 1 1 1 1 1 1 1 1 1 1 1 1 1 1 1 1 1 1 1 1 1 1 1 1 1 1 1 1 1 1 1 1 1 1 1 1 1 1 1 1 1 1 1 1 1 1 1 1 1 1 1 1 1 1 1 1 1 1 1 1 1 
70
152
8
10000
13 20
13 34
20 13
20 21
20 44
21 20
24 59
34 13
37 57
44 20
54 55
55 54
57 37
59 24
