1 2 5 5 9 13 15 16 16 18 18 28 30 35 35 38 38 39 39 40 40 40 47 49 52 55 55 58 59 62 62 64 64 65 65 72 74 78 81 82 83 86 86 89 90 91 93 96 101 101 101 102 103 104 105 105 107 112 115 120 125 126 129 129 132 133 133 133 137 143 
4 6 5 4 4 8 8 4 5 4 4 5 8 5 5 5 4 8 5 8 8 6 7 6 7 4 5 5 4 9 5 4 6 8 5 4 9 4 5 5 5 5 4 7 6 7 5 4 5 5 5 5 6 7 5 10 6 4 8 7 4 8 6 4 10 7 4 5 4 4 
1 1 1 1 1 1 1 1 1 1 1 1 1 1 1 1 1 1 1 1 1 1 1 1 1 1 1 1 1 1 1 1 1 1 1 1 1 1 1 1 1 1 1 1 1 1 1 1 1 1 1 1 1 1 1 1 1 1 1 1 1 1 1 1 1 1 1 1 1 1 
70
152
8
10000
2 46
2 54
5 28
9 53
10 44
12 51
18 37
28 5
37 18
44 10
46 2
51 12
53 9
54 2
