2 3 7 13 16 17 20 24 26 29 31 35 36 38 38 44 50 51 58 58 59 60 62 65 65 66 67 68 68 70 73 75 76 79 79 79 84 85 85 86 87 88 89 90 91 94 94 98 100 101 101 103 106 109 111 113 113 120 121 122 122 126 127 128 132 133 139 144 145 146 
8 4 4 9 4 4 4 8 8 4 5 5 8 8 4 4 6 8 5 5 8 4 4 4 7 4 5 8 7 5 5 10 5 10 5 4 7 7 9 4 4 5 4 9 6 7 5 4 5 7 6 7 4 4 7 4 8 5 5 8 5 5 7 5 4 5 6 4 4 5 
1 1 1 1 1 1 1 1 1 1 1 1 1 1 1 1 1 1 1 1 1 1 1 1 1 1 1 1 1 1 1 1 1 1 1 1 1 1 1 1 1 1 1 1 1 1 1 1 1 1 1 1 1 1 1 1 1 1 1 1 1 1 1 1 1 1 1 1 1 1 
70
152
8
10000
7 29
7 55
7 59
14 16
16 14
21 34
25 42
29 7
34 21
42 25
47 49
49 47
55 7
59 7
