0 1 2 3 9 10 15 16 16 20 23 27 40 42 44 48 53 53 53 55 56 57 63 63 66 67 68 73 74 77 79 84 86 86 87 91 98 99 99 102 103 104 104 105 108 110 110 111 113 114 119 120 123 124 128 131 132 132 133 133 136 142 143 143 144 145 145 145 147 148 
11 5 4 5 5 5 5 5 4 8 5 7 7 4 4 4 7 5 4 6 9 4 5 4 7 4 5 4 6 7 5 4 6 4 6 5 7 6 8 4 4 5 10 7 6 5 4 4 10 4 6 4 5 8 4 4 6 6 4 5 7 10 4 9 4 5 7 7 4 4 
1 1 1 1 1 1 1 1 1 1 1 1 1 1 1 1 1 1 1 1 1 1 1 1 1 1 1 1 1 1 1 1 1 1 1 1 1 1 1 1 1 1 1 1 1 1 1 1 1 1 1 1 1 1 1 1 1 1 1 1 1 1 1 1 1 1 1 1 1 1 
70
152
8
10000
4 48
7 11
10 23
11 7
13 52
15 63
23 10
24 33
29 62
33 24
48 4
52 13
62 29
63 15
