0 1 2 2 5 6 7 8 9 13 14 14 16 16 18 18 21 21 22 22 26 28 28 29 29 30 31 34 36 40 40 49 50 52 53 54 56 59 59 59 63 66 68 68 71 73 76 80 80 82 85 87 87 87 89 90 92 93 95 95 98 99 100 101 104 105 105 106 107 108 109 110 111 113 113 115 115 118 120 121 121 123 125 125 126 126 127 129 129 132 132 132 136 138 141 142 143 144 145 148 
4 4 4 8 5 4 6 4 6 10 7 5 5 4 4 5 7 7 7 4 4 4 7 5 5 8 5 11 10 4 7 5 4 4 7 4 7 6 4 5 4 4 7 5 4 5 8 4 11 4 5 5 8 7 5 5 7 4 7 4 5 5 5 5 5 5 4 7 7 8 8 4 4 5 8 10 5 8 5 8 11 5 4 5 5 9 8 5 4 5 7 8 6 10 4 5 8 5 7 4 
1 1 1 1 1 1 1 1 1 1 1 1 1 1 1 1 1 1 1 1 1 1 1 1 1 1 1 1 1 1 1 1 1 1 1 1 1 1 1 1 1 1 1 1 1 1 1 1 1 1 1 1 1 1 1 1 1 1 1 1 1 1 1 1 1 1 1 1 1 1 1 1 1 1 1 1 1 1 1 1 1 1 1 1 1 1 1 1 1 1 1 1 1 1 1 1 1 1 1 1 
100
152
8
10000
5 46
9 72
9 76
10 47
29 76
35 76
45 63
46 5
46 80
47 10
61 78
63 45
72 9
76 9
76 29
76 35
76 89
78 61
80 46
89 76
