3 4 4 7 8 9 9 9 11 12 12 13 17 17 19 19 21 22 22 23 24 25 27 28 30 33 36 38 39 39 41 41 42 42 46 47 47 48 50 51 54 55 55 57 57 65 66 69 75 81 81 85 87 87 90 90 92 93 96 97 99 103 103 104 105 109 110 111 113 114 115 115 116 116 116 117 118 121 122 122 122 122 122 124 128 129 131 135 136 140 141 141 142 146 146 147 148 149 149 149 
7 6 5 4 8 4 4 7 4 5 6 4 4 11 6 4 4 5 5 4 8 10 9 5 5 7 5 5 4 5 4 6 5 8 5 7 8 5 5 5 5 5 4 5 8 4 5 5 10 5 10 6 8 10 5 4 7 5 4 6 4 7 11 5 6 7 4 4 5 5 4 8 8 5 7 7 6 4 5 5 5 8 6 4 4 8 5 8 4 5 4 5 8 9 5 8 4 6 5 5 
1 1 1 1 1 1 1 1 1 1 1 1 1 1 1 1 1 1 1 1 1 1 1 1 1 1 1 1 1 1 1 1 1 1 1 1 1 1 1 1 1 1 1 1 1 1 1 1 1 1 1 1 1 1 1 1 1 1 1 1 1 1 1 1 1 1 1 1 1 1 1 1 1 1 1 1 1 1 1 1 1 1 1 1 1 1 1 1 1 1 1 1 1 1 1 1 1 1 1 1 
100
152
8
10000
7 27
10 47
20 80
24 80
25 88
27 7
35 68
42 60
47 10
58 60
60 42
60 58
62 72
68 35
72 62
79 85
80 20
80 24
85 79
88 25
