0 1 2 3 4 4 5 5 7 7 9 13 14 14 15 16 20 23 26 27 28 29 30 30 31 35 37 37 37 38 38 40 48 49 50 57 58 61 62 65 67 69 69 70 71 73 74 74 79 79 79 82 83 88 88 88 91 91 92 93 95 95 97 97 99 100 101 102 107 108 110 115 116 119 119 121 124 125 126 127 128 128 130 130 131 132 132 133 135 136 138 140 141 144 146 146 147 147 148 148 
5 4 8 5 8 5 5 5 4 10 5 5 9 5 6 6 5 4 7 4 7 4 4 6 10 4 5 7 8 5 4 6 8 4 5 4 7 10 5 7 5 4 5 5 5 8 8 7 4 4 8 4 7 4 5 4 5 5 8 5 4 7 5 10 5 4 6 6 4 4 8 11 5 5 7 4 10 8 5 4 9 5 4 5 5 10 5 8 5 7 6 4 5 4 5 5 8 5 7 7 
1 1 1 1 1 1 1 1 1 1 1 1 1 1 1 1 1 1 1 1 1 1 1 1 1 1 1 1 1 1 1 1 1 1 1 1 1 1 1 1 1 1 1 1 1 1 1 1 1 1 1 1 1 1 1 1 1 1 1 1 1 1 1 1 1 1 1 1 1 1 1 1 1 1 1 1 1 1 1 1 1 1 1 1 1 1 1 1 1 1 1 1 1 1 1 1 1 1 1 1 
100
152
8
10000
11 46
13 77
16 84
17 72
26 63
36 38
38 36
41 74
46 11
47 54
51 63
54 47
63 26
63 51
70 92
72 17
74 41
77 13
84 16
92 70
