4 5 8 9 9 10 12 15 16 17 18 19 21 21 23 26 26 27 28 29 30 30 34 35 35 36 38 39 43 44 46 47 50 51 52 53 54 56 57 58 58 59 62 66 66 71 73 74 75 76 77 78 81 82 82 86 88 88 90 91 91 94 94 95 96 96 99 100 100 101 101 101 103 103 104 105 107 112 113 114 115 117 121 121 121 128 129 131 132 133 136 138 140 140 140 141 143 146 146 146 
19 10 9 9 10 14 14 9 9 18 10 8 9 9 9 9 8 13 17 9 9 10 8 9 9 11 8 8 8 10 8 8 9 10 9 11 8 9 16 9 9 8 9 8 9 18 12 9 9 13 10 8 8 9 8 8 12 9 8 13 8 11 10 8 13 8 8 18 8 12 17 11 8 13 11 9 8 10 8 12 11 9 9 10 12 8 9 14 11 8 12 9 9 13 8 9 12 8 9 9 
1 1 1 1 1 1 1 1 1 1 1 1 1 1 1 1 1 1 1 1 1 1 1 1 1 1 1 1 1 1 1 1 1 1 1 1 1 1 1 1 1 1 1 1 1 1 1 1 1 1 1 1 1 1 1 1 1 1 1 1 1 1 1 1 1 1 1 1 1 1 1 1 1 1 1 1 1 1 1 1 1 1 1 1 1 1 1 1 1 1 1 1 1 1 1 1 1 1 1 1 
100
152
8
10000
7 50
9 67
11 95
17 48
22 95
31 41
32 84
41 31
41 46
43 96
46 41
48 17
50 7
58 70
67 9
70 58
84 32
95 11
95 22
96 43
