6 10 10 11 12 13 13 14 15 23 24 24 28 30 31 35 36 38 41 45 46 48 49 49 50 52 53 60 62 63 63 64 64 65 66 68 71 71 71 73 73 75 75 76 81 85 86 92 99 105 106 109 112 116 119 123 124 125 127 127 127 129 132 135 137 139 139 142 142 145 
12 5 7 13 4 8 5 6 8 5 12 6 7 9 4 7 7 11 7 8 5 9 6 8 11 7 8 12 6 8 7 11 8 8 7 5 7 11 10 9 9 8 8 9 8 7 4 9 4 7 8 7 6 6 9 4 6 12 4 4 7 11 13 10 9 6 8 7 10 7 
1 1 1 1 1 1 1 1 1 1 1 1 1 1 1 1 1 1 1 1 1 1 1 1 1 1 1 1 1 1 1 1 1 1 1 1 1 1 1 1 1 1 1 1 1 1 1 1 1 1 1 1 1 1 1 1 1 1 1 1 1 1 1 1 1 1 1 1 1 1 
70
152
4
10000
3 4
4 3
4 25
9 46
9 50
10 61
14 22
14 25
22 14
24 67
25 4
25 14
25 48
34 55
39 54
39 67
46 9
48 25
48 50
50 9
50 48
52 65
54 39
55 34
61 10
65 52
67 24
67 39
