0 1 3 6 7 8 8 10 13 16 17 18 20 23 29 32 32 33 34 34 34 35 35 36 38 40 40 41 42 43 45 45 45 48 48 49 53 56 57 57 57 62 63 65 67 70 71 73 74 75 76 78 80 81 81 83 83 86 87 88 91 91 92 93 96 96 97 99 100 101 101 106 108 109 111 113 113 114 116 117 120 126 126 132 132 132 133 134 135 136 138 138 139 139 139 140 143 144 144 146 
16 11 9 9 10 11 13 9 8 9 8 17 8 8 8 11 8 19 11 8 8 10 9 9 12 8 9 11 9 8 12 8 11 8 10 11 14 8 8 19 8 9 18 9 13 10 9 8 8 9 9 9 14 11 9 9 9 9 13 10 9 9 8 10 9 9 8 8 10 8 13 8 9 10 16 9 9 9 11 8 18 11 8 8 8 13 9 9 13 10 8 17 9 8 10 13 12 8 9 9 
1 1 1 1 1 1 1 1 1 1 1 1 1 1 1 1 1 1 1 1 1 1 1 1 1 1 1 1 1 1 1 1 1 1 1 1 1 1 1 1 1 1 1 1 1 1 1 1 1 1 1 1 1 1 1 1 1 1 1 1 1 1 1 1 1 1 1 1 1 1 1 1 1 1 1 1 1 1 1 1 1 1 1 1 1 1 1 1 1 1 1 1 1 1 1 1 1 1 1 1 
100
152
8
10000
5 39
15 63
25 41
32 39
36 75
39 5
39 32
41 25
45 91
55 86
63 15
64 85
65 93
67 91
75 36
85 64
86 55
91 45
91 67
93 65
