2 3 3 5 9 9 10 11 11 14 14 17 19 19 23 23 24 24 26 30 31 31 33 34 42 43 48 49 50 52 53 53 54 55 55 58 58 60 61 66 67 67 68 69 70 71 71 71 72 72 73 73 75 75 76 78 78 78 78 79 82 82 82 82 87 87 87 91 91 93 93 97 97 97 98 98 102 105 107 110 110 111 112 112 114 117 118 120 125 125 127 128 137 137 138 140 140 141 145 146 
13 8 9 9 13 11 8 8 12 8 12 8 9 8 8 10 10 11 9 9 8 12 8 9 13 10 11 17 8 8 12 8 13 16 9 8 10 8 8 9 8 13 9 9 11 13 8 9 9 13 9 9 10 11 8 8 8 15 8 13 15 9 12 11 8 9 11 8 9 9 8 9 9 9 9 8 16 9 19 9 14 8 12 9 9 16 11 9 9 9 8 12 12 18 17 9 11 8 9 9 
1 1 1 1 1 1 1 1 1 1 1 1 1 1 1 1 1 1 1 1 1 1 1 1 1 1 1 1 1 1 1 1 1 1 1 1 1 1 1 1 1 1 1 1 1 1 1 1 1 1 1 1 1 1 1 1 1 1 1 1 1 1 1 1 1 1 1 1 1 1 1 1 1 1 1 1 1 1 1 1 1 1 1 1 1 1 1 1 1 1 1 1 1 1 1 1 1 1 1 1 
100
152
8
10000
19 83
19 90
26 31
31 26
31 91
37 57
38 43
39 67
40 44
43 38
44 40
46 63
56 76
57 37
63 46
67 39
76 56
83 19
90 19
91 31
