0 1 1 2 3 3 4 5 5 6 8 8 11 12 12 14 21 21 23 23 23 27 28 28 29 33 38 40 42 44 45 45 46 47 50 50 57 58 59 60 61 61 62 62 63 67 69 71 71 74 75 76 78 78 78 79 81 81 82 83 84 85 85 86 90 90 92 92 93 93 93 97 100 101 103 107 112 116 117 121 122 124 126 132 133 135 135 135 136 137 138 138 139 140 141 142 144 145 146 146 
9 14 8 10 14 10 14 14 11 10 11 16 8 9 11 17 13 11 12 11 9 17 16 8 9 8 12 12 8 8 15 15 9 9 17 8 15 10 17 13 13 14 11 19 13 11 17 12 17 9 14 13 17 19 14 9 13 10 8 19 18 10 17 10 12 16 9 10 9 15 15 17 9 8 9 13 10 12 9 13 18 15 11 12 11 19 10 14 8 17 13 16 12 14 12 16 8 9 8 8 
1 1 1 1 1 1 1 1 1 1 1 1 1 1 1 1 1 1 1 1 1 1 1 1 1 1 1 1 1 1 1 1 1 1 1 1 1 1 1 1 1 1 1 1 1 1 1 1 1 1 1 1 1 1 1 1 1 1 1 1 1 1 1 1 1 1 1 1 1 1 1 1 1 1 1 1 1 1 1 1 1 1 1 1 1 1 1 1 1 1 1 1 1 1 1 1 1 1 1 1 
100
152
8
10000
5 34
13 56
16 30
16 60
30 16
34 5
36 88
38 95
39 57
49 89
53 92
56 13
57 39
59 93
60 16
88 36
89 49
92 53
93 59
95 38
