0 4 7 12 13 14 18 19 19 24 25 26 28 28 33 33 34 34 36 41 42 43 44 44 44 46 47 48 49 50 53 53 54 54 55 56 56 57 59 66 66 67 69 71 75 80 81 81 81 83 85 87 88 88 89 90 90 91 94 96 96 98 99 99 103 105 105 105 106 108 113 113 114 114 116 116 121 121 121 122 123 127 127 128 128 131 133 133 134 135 136 136 136 136 137 139 141 141 142 146 
19 8 15 12 19 14 19 15 8 8 19 18 10 8 9 17 9 10 13 10 16 12 8 17 8 10 9 8 18 15 17 14 14 12 11 9 16 12 11 9 19 15 8 19 9 11 13 9 16 15 13 16 12 13 19 9 11 8 13 8 11 10 9 11 9 16 10 16 9 9 14 14 8 18 14 12 9 15 17 19 18 18 14 11 13 10 8 10 10 19 13 17 9 9 16 12 13 13 12 8 
1 1 1 1 1 1 1 1 1 1 1 1 1 1 1 1 1 1 1 1 1 1 1 1 1 1 1 1 1 1 1 1 1 1 1 1 1 1 1 1 1 1 1 1 1 1 1 1 1 1 1 1 1 1 1 1 1 1 1 1 1 1 1 1 1 1 1 1 1 1 1 1 1 1 1 1 1 1 1 1 1 1 1 1 1 1 1 1 1 1 1 1 1 1 1 1 1 1 1 1 
100
152
8
10000
5 42
9 73
12 66
12 71
19 73
19 87
22 28
28 22
37 45
42 5
45 37
58 91
59 83
66 12
71 12
73 9
73 19
83 59
87 19
91 58
