0 2 4 5 5 7 8 14 25 25 28 31 32 34 34 39 43 43 43 44 46 47 48 49 49 49 49 49 51 52 55 56 56 56 58 58 59 60 63 63 64 65 66 67 71 73 74 77 77 78 78 84 84 85 91 93 93 96 97 97 100 100 100 101 101 102 103 105 107 108 108 108 108 110 112 112 115 115 115 116 119 120 121 121 122 123 132 133 133 134 135 136 136 136 136 137 138 141 141 145 
18 16 9 11 11 11 19 14 9 12 15 18 9 13 13 10 8 15 13 14 9 9 12 10 10 16 19 11 17 11 8 16 10 12 12 16 9 15 8 19 12 9 14 9 11 13 15 8 16 17 10 8 14 10 8 8 9 16 8 19 9 18 9 12 18 10 8 12 10 9 13 14 12 8 10 15 8 13 8 17 18 12 9 17 11 11 9 8 8 15 19 18 8 18 9 9 16 8 13 8 
1 1 1 1 1 1 1 1 1 1 1 1 1 1 1 1 1 1 1 1 1 1 1 1 1 1 1 1 1 1 1 1 1 1 1 1 1 1 1 1 1 1 1 1 1 1 1 1 1 1 1 1 1 1 1 1 1 1 1 1 1 1 1 1 1 1 1 1 1 1 1 1 1 1 1 1 1 1 1 1 1 1 1 1 1 1 1 1 1 1 1 1 1 1 1 1 1 1 1 1 
100
152
8
10000
9 50
16 20
20 16
21 25
21 93
25 21
25 39
26 54
28 65
39 25
40 73
43 49
49 43
50 9
54 26
54 91
65 28
73 40
91 54
93 21
