1 4 4 7 8 9 9 9 10 12 14 14 16 18 19 20 20 26 27 28 28 28 28 32 33 33 33 35 35 36 36 37 41 47 47 50 50 51 55 56 59 61 61 61 61 66 67 68 68 68 69 70 75 78 78 81 84 84 85 90 90 91 93 94 94 95 98 99 100 100 103 104 105 107 108 109 109 111 112 113 113 113 116 120 123 124 126 127 129 131 131 134 136 139 140 142 142 142 145 148 
6 6 6 5 8 5 4 8 8 9 11 4 9 5 5 7 5 7 4 9 10 9 4 8 4 5 5 7 10 5 5 8 10 11 9 4 7 5 4 4 7 9 8 8 7 5 8 7 6 6 6 7 6 8 5 7 10 11 11 4 8 10 7 5 7 6 7 8 11 6 6 5 7 5 7 9 9 8 11 4 9 4 9 5 6 4 10 11 5 11 9 8 5 10 8 4 5 11 8 4 
1 1 1 1 1 1 1 1 1 1 1 1 1 1 1 1 1 1 1 1 1 1 1 1 1 1 1 1 1 1 1 1 1 1 1 1 1 1 1 1 1 1 1 1 1 1 1 1 1 1 1 1 1 1 1 1 1 1 1 1 1 1 1 1 1 1 1 1 1 1 1 1 1 1 1 1 1 1 1 1 1 1 1 1 1 1 1 1 1 1 1 1 1 1 1 1 1 1 1 1 
100
152
8
10000
6 68
7 71
15 38
17 70
27 41
29 90
30 80
38 15
41 27
44 76
68 6
70 17
71 7
75 80
76 44
76 88
80 30
80 75
88 76
90 29
