0 1 1 6 6 7 10 12 12 13 13 19 19 21 22 25 25 29 30 32 32 35 37 40 40 42 46 47 50 51 51 52 53 54 57 62 62 62 67 67 69 69 71 72 73 75 76 77 77 77 77 77 78 78 80 81 82 82 85 86 87 89 89 90 91 93 94 99 99 99 100 106 106 107 108 110 111 112 115 115 116 117 118 123 123 124 125 126 128 132 133 135 136 136 137 143 145 145 147 148 
6 7 7 4 11 7 8 8 5 5 9 7 10 6 9 7 5 10 5 5 4 7 5 9 7 9 5 11 5 5 6 6 5 4 5 4 8 6 8 5 6 6 4 5 8 7 8 9 5 8 6 10 4 4 9 7 11 10 6 9 8 5 8 7 7 6 4 8 10 6 8 8 11 8 11 7 9 10 5 10 5 4 9 6 4 8 4 7 7 9 8 8 5 8 5 9 9 5 4 5 
1 1 1 1 1 1 1 1 1 1 1 1 1 1 1 1 1 1 1 1 1 1 1 1 1 1 1 1 1 1 1 1 1 1 1 1 1 1 1 1 1 1 1 1 1 1 1 1 1 1 1 1 1 1 1 1 1 1 1 1 1 1 1 1 1 1 1 1 1 1 1 1 1 1 1 1 1 1 1 1 1 1 1 1 1 1 1 1 1 1 1 1 1 1 1 1 1 1 1 1 
100
152
8
10000
14 35
16 85
19 70
20 25
20 68
25 20
25 42
27 63
35 14
36 58
42 25
46 93
51 95
58 36
63 27
68 20
70 19
85 16
93 46
95 51
