3 13 17 23 24 24 25 27 29 31 35 35 38 40 40 42 47 50 53 56 60 61 65 65 66 70 71 71 77 77 77 79 86 87 91 95 98 99 102 102 102 102 102 103 105 108 109 110 112 114 115 115 116 116 119 119 122 123 124 125 127 131 132 134 134 137 143 146 146 147 
8 6 7 13 6 9 8 7 9 7 9 6 9 7 6 5 6 7 8 8 9 6 6 9 9 5 7 12 6 12 8 5 8 8 7 9 9 6 6 6 7 6 8 4 8 13 7 8 8 8 9 10 7 9 8 11 6 7 13 8 12 9 6 7 8 7 9 6 6 5 
1 1 1 1 1 1 1 1 1 1 1 1 1 1 1 1 1 1 1 1 1 1 1 1 1 1 1 1 1 1 1 1 1 1 1 1 1 1 1 1 1 1 1 1 1 1 1 1 1 1 1 1 1 1 1 1 1 1 1 1 1 1 1 1 1 1 1 1 1 1 
70
152
4
10000
2 43
4 38
5 24
5 27
6 44
7 38
10 59
12 48
13 15
13 56
15 13
24 5
27 5
33 51
34 67
35 44
38 4
38 7
43 2
44 6
44 35
48 12
49 57
51 33
56 13
57 49
59 10
67 34
