0 1 2 4 9 12 15 15 15 18 21 21 22 23 24 25 26 27 29 30 31 32 32 33 33 38 39 41 42 42 43 45 47 49 52 54 54 56 56 57 58 64 65 67 69 70 72 73 73 75 77 79 79 80 82 82 83 87 87 90 90 92 93 94 94 95 96 97 102 103 104 104 105 107 111 117 120 121 124 125 125 126 129 129 129 129 130 130 135 137 139 142 142 142 143 144 145 146 147 149 
11 6 7 6 5 4 8 4 6 8 8 4 4 9 8 7 7 11 10 6 8 8 8 5 4 4 8 10 4 4 7 5 10 10 4 8 7 5 5 9 8 4 10 7 9 4 10 5 4 5 11 5 7 11 4 9 5 8 8 11 8 11 6 8 8 8 5 5 5 7 8 7 11 6 10 5 8 8 5 6 5 9 11 9 7 7 4 11 7 8 8 6 4 7 5 10 8 6 5 5 
1 1 1 1 1 1 1 1 1 1 1 1 1 1 1 1 1 1 1 1 1 1 1 1 1 1 1 1 1 1 1 1 1 1 1 1 1 1 1 1 1 1 1 1 1 1 1 1 1 1 1 1 1 1 1 1 1 1 1 1 1 1 1 1 1 1 1 1 1 1 1 1 1 1 1 1 1 1 1 1 1 1 1 1 1 1 1 1 1 1 1 1 1 1 1 1 1 1 1 1 
100
152
8
10000
12 63
21 48
27 54
29 59
29 62
30 36
36 30
42 64
43 72
43 95
48 21
54 27
59 29
62 29
63 12
64 42
68 76
72 43
76 68
95 43
