1 1 3 3 7 7 8 8 9 9 11 15 22 27 31 32 34 35 36 39 42 42 42 43 47 51 52 53 59 60 68 69 71 73 73 77 86 86 91 92 93 95 96 97 100 100 104 104 104 105 105 106 107 110 115 117 118 121 123 127 128 128 130 135 135 137 140 142 142 143 
8 9 16 14 15 11 16 10 8 10 15 11 13 11 8 15 16 18 16 8 11 13 13 8 15 15 19 13 12 10 9 12 8 10 14 15 14 8 17 12 15 10 11 16 9 11 11 13 9 13 13 12 10 13 9 10 10 8 10 11 14 18 16 17 15 12 9 10 10 9 
1 1 1 1 1 1 1 1 1 1 1 1 1 1 1 1 1 1 1 1 1 1 1 1 1 1 1 1 1 1 1 1 1 1 1 1 1 1 1 1 1 1 1 1 1 1 1 1 1 1 1 1 1 1 1 1 1 1 1 1 1 1 1 1 1 1 1 1 1 1 
70
152
4
10000
3 21
4 57
9 46
12 28
12 29
15 50
21 3
21 66
26 30
28 12
29 12
29 48
30 26
30 44
33 67
44 30
46 9
48 29
50 15
57 4
64 65
65 64
66 21
67 33
