2 5 6 6 9 9 10 11 14 15 15 17 21 21 24 26 30 30 35 35 41 41 43 44 45 45 48 51 55 56 66 68 70 70 71 72 80 83 89 91 91 98 99 100 102 103 105 107 109 110 113 115 119 121 125 130 130 131 133 134 137 137 139 139 140 141 141 141 141 142 
10 13 8 14 15 9 9 13 9 8 8 8 13 12 9 10 10 11 14 10 9 12 11 13 10 11 13 9 13 11 11 11 8 11 11 12 9 9 13 8 11 13 11 15 13 10 11 11 12 10 10 11 9 11 8 13 10 10 9 9 8 9 13 13 10 11 11 10 11 8 
1 1 1 1 1 1 1 1 1 1 1 1 1 1 1 1 1 1 1 1 1 1 1 1 1 1 1 1 1 1 1 1 1 1 1 1 1 1 1 1 1 1 1 1 1 1 1 1 1 1 1 1 1 1 1 1 1 1 1 1 1 1 1 1 1 1 1 1 1 1 
70
152
4
10000
3 65
8 27
8 42
17 33
23 25
23 66
25 23
27 8
30 35
33 17
34 65
35 30
35 50
41 42
41 65
42 8
42 41
44 54
49 55
50 35
51 63
54 44
55 49
63 51
65 3
65 34
65 41
66 23
