2 5 6 6 6 13 16 17 19 24 24 27 31 34 38 40 42 44 44 45 48 48 48 53 55 55 57 57 61 61 62 62 65 66 67 73 73 75 77 77 78 79 82 83 88 89 94 97 98 100 101 104 108 113 118 120 122 126 127 127 131 131 131 134 137 138 140 141 141 143 
9 9 11 16 10 10 17 12 10 8 11 16 11 10 8 10 9 11 10 17 8 9 14 12 12 10 9 8 10 8 8 10 8 10 9 8 16 12 10 12 9 11 9 9 8 8 8 11 12 10 9 13 8 13 10 11 10 11 11 12 11 11 9 12 8 12 12 11 11 9 
1 1 1 1 1 1 1 1 1 1 1 1 1 1 1 1 1 1 1 1 1 1 1 1 1 1 1 1 1 1 1 1 1 1 1 1 1 1 1 1 1 1 1 1 1 1 1 1 1 1 1 1 1 1 1 1 1 1 1 1 1 1 1 1 1 1 1 1 1 1 
70
152
4
10000
2 53
3 6
5 12
5 22
6 3
8 34
12 5
12 65
15 40
15 57
18 20
19 53
20 18
22 5
32 53
34 8
34 41
35 48
40 15
41 34
42 46
46 42
48 35
53 2
53 19
53 32
57 15
65 12
