1 7 8 9 10 10 10 15 16 18 18 21 26 28 29 31 32 33 34 35 38 38 41 44 45 48 49 50 52 57 61 62 63 68 71 73 73 75 77 77 80 83 86 88 94 96 97 98 98 100 106 106 107 108 111 111 113 113 117 118 121 123 125 132 132 133 136 137 137 140 
12 8 13 10 8 12 11 10 11 13 10 10 14 16 12 8 10 9 8 10 16 11 8 12 10 10 13 9 10 9 11 13 11 13 8 11 8 11 12 8 14 10 12 10 10 9 10 10 13 8 10 11 12 8 11 13 12 9 8 10 11 9 11 11 10 8 10 9 10 9 
1 1 1 1 1 1 1 1 1 1 1 1 1 1 1 1 1 1 1 1 1 1 1 1 1 1 1 1 1 1 1 1 1 1 1 1 1 1 1 1 1 1 1 1 1 1 1 1 1 1 1 1 1 1 1 1 1 1 1 1 1 1 1 1 1 1 1 1 1 1 
70
152
4
10000
3 26
5 34
11 54
14 49
16 39
18 59
19 28
20 27
21 33
21 54
25 27
26 3
27 20
27 25
28 19
28 42
33 21
34 5
36 67
39 16
42 28
49 14
54 11
54 21
54 66
59 18
66 54
67 36
