0 2 3 10 13 16 21 23 29 30 36 37 38 41 42 49 50 54 55 59 61 62 63 63 68 69 70 72 73 76 76 85 94 96 97 98 101 105 118 118 120 122 123 130 134 138 139 141 143 145 
6 8 5 6 6 6 4 8 4 7 6 7 7 4 7 6 10 9 10 5 5 5 7 6 10 6 5 12 8 5 10 6 7 7 7 12 5 7 6 6 6 6 6 5 10 10 10 7 4 7 
1 1 1 1 1 1 1 1 1 1 1 1 1 1 1 1 1 1 1 1 1 1 1 1 1 1 1 1 1 1 1 1 1 1 1 1 1 1 1 1 1 1 1 1 1 1 1 1 1 1 
50
152
4
10000
2 21
10 11
11 10
12 19
14 47
17 45
19 12
19 42
21 2
21 35
29 35
35 21
35 29
37 39
39 37
42 19
44 46
45 17
46 44
47 14
