0 0 3 7 13 20 23 24 29 31 36 39 46 53 54 54 55 63 64 74 74 76 76 78 80 81 83 88 93 97 97 100 102 110 116 116 117 117 117 120 121 123 126 127 128 128 137 138 139 142 
6 7 8 4 9 13 5 6 6 6 11 12 7 7 9 10 9 7 12 9 13 10 12 12 5 7 13 4 5 11 7 5 7 11 7 9 9 6 9 10 4 5 7 6 5 13 10 6 8 8 
1 1 1 1 1 1 1 1 1 1 1 1 1 1 1 1 1 1 1 1 1 1 1 1 1 1 1 1 1 1 1 1 1 1 1 1 1 1 1 1 1 1 1 1 1 1 1 1 1 1 
50
152
4
10000
4 31
9 40
12 43
16 17
17 16
19 33
22 26
26 22
31 4
32 34
33 19
34 32
40 9
40 45
43 12
45 40
45 46
46 45
