0 5 5 9 10 11 13 16 21 23 24 24 38 42 46 47 48 48 51 52 53 54 60 66 69 71 72 76 77 78 82 92 95 96 98 100 108 112 113 122 123 123 126 128 133 135 135 136 138 143 
11 16 12 8 15 17 10 10 13 9 19 10 11 9 10 10 19 13 14 19 10 14 10 12 17 11 9 19 10 14 17 13 10 14 10 19 14 10 17 8 8 10 10 8 19 17 17 16 11 9 
1 1 1 1 1 1 1 1 1 1 1 1 1 1 1 1 1 1 1 1 1 1 1 1 1 1 1 1 1 1 1 1 1 1 1 1 1 1 1 1 1 1 1 1 1 1 1 1 1 1 
50
152
4
10000
2 43
7 18
8 31
10 22
12 38
12 43
18 7
19 20
20 19
22 10
24 37
31 8
32 39
37 24
38 12
39 32
43 2
43 12
