4 13 15 15 20 20 21 21 23 33 36 40 45 47 48 48 57 58 61 61 62 64 64 71 72 78 89 94 96 100 101 104 107 108 118 118 119 120 122 124 127 131 134 135 136 136 137 138 138 140 
15 10 8 8 10 16 9 8 11 13 10 18 18 16 11 10 13 19 15 14 10 16 11 10 8 10 18 17 14 11 12 10 11 10 11 11 14 9 19 17 14 10 12 11 16 16 15 14 14 12 
1 1 1 1 1 1 1 1 1 1 1 1 1 1 1 1 1 1 1 1 1 1 1 1 1 1 1 1 1 1 1 1 1 1 1 1 1 1 1 1 1 1 1 1 1 1 1 1 1 1 
50
152
4
10000
5 27
6 29
8 20
8 38
10 17
10 24
13 19
15 16
15 27
16 15
17 10
19 13
20 8
24 10
26 38
27 5
27 15
29 6
38 8
38 26
