2 2 7 8 9 10 14 15 16 20 21 22 24 26 27 29 33 33 34 37 41 44 48 51 52 53 53 53 55 62 63 68 68 69 74 76 82 84 87 88 88 92 94 95 95 95 97 99 99 104 105 111 113 120 121 123 123 130 133 134 136 137 137 138 141 143 144 144 145 145 
9 8 7 7 8 7 5 7 6 8 7 8 6 4 6 7 13 4 7 6 5 5 4 6 8 4 6 4 8 4 8 8 7 8 4 4 12 6 6 6 4 5 7 6 13 10 4 6 4 7 8 7 5 8 5 4 4 7 7 7 13 6 6 7 4 6 7 7 7 7 
1 1 1 1 1 1 1 1 1 1 1 1 1 1 1 1 1 1 1 1 1 1 1 1 1 1 1 1 1 1 1 1 1 1 1 1 1 1 1 1 1 1 1 1 1 1 1 1 1 1 1 1 1 1 1 1 1 1 1 1 1 1 1 1 1 1 1 1 1 1 
70
152
4
10000
2 5
2 11
5 2
5 6
6 5
10 37
10 40
11 2
11 39
19 66
22 62
30 52
37 10
39 11
39 65
40 10
41 52
42 49
44 54
49 42
52 30
52 41
54 44
62 22
62 63
63 62
65 39
66 19
