0 1 1 5 5 10 17 22 24 26 30 33 34 35 35 42 44 46 55 55 57 59 62 64 67 67 68 69 76 79 79 82 82 83 96 100 100 103 103 105 107 126 133 137 138 140 140 141 143 143 
14 11 11 10 8 13 9 14 8 10 9 11 11 10 10 11 10 11 14 14 8 11 10 11 10 11 17 15 15 10 9 10 10 12 10 10 11 11 14 10 10 9 19 11 14 12 10 11 9 9 
1 1 1 1 1 1 1 1 1 1 1 1 1 1 1 1 1 1 1 1 1 1 1 1 1 1 1 1 1 1 1 1 1 1 1 1 1 1 1 1 1 1 1 1 1 1 1 1 1 1 
50
152
4
10000
4 30
4 31
10 17
10 46
11 42
13 26
14 17
17 10
17 14
19 35
19 36
23 32
26 13
30 4
31 4
32 23
35 19
36 19
42 11
46 10
