0 0 1 2 3 5 5 10 11 12 14 16 17 18 23 23 23 23 26 29 30 30 32 33 35 37 37 39 40 40 46 50 50 51 54 56 59 60 62 64 65 66 71 71 74 74 75 75 76 77 79 79 79 81 82 86 86 88 91 92 96 96 97 100 101 102 105 105 106 106 106 106 107 108 111 113 113 114 115 116 117 119 124 127 129 130 132 133 135 135 135 137 140 141 142 143 145 145 150 150 
7 7 7 9 4 5 5 6 9 6 6 7 4 4 10 4 12 8 6 12 4 5 6 8 13 12 7 9 8 10 6 9 6 7 7 10 5 10 6 6 6 8 5 7 6 6 7 6 9 4 5 7 12 5 7 8 6 11 4 5 4 5 7 5 12 5 6 7 8 8 6 5 6 6 4 5 6 6 8 6 6 10 7 4 4 5 6 6 4 7 7 8 6 4 6 7 5 8 4 5 
1 1 1 1 1 1 1 1 1 1 1 1 1 1 1 1 1 1 1 1 1 1 1 1 1 1 1 1 1 1 1 1 1 1 1 1 1 1 1 1 1 1 1 1 1 1 1 1 1 1 1 1 1 1 1 1 1 1 1 1 1 1 1 1 1 1 1 1 1 1 1 1 1 1 1 1 1 1 1 1 1 1 1 1 1 1 1 1 1 1 1 1 1 1 1 1 1 1 1 1 
100
152
4
10000
3 41
6 33
6 57
9 65
12 42
15 36
17 36
17 73
19 56
27 92
28 64
32 49
33 6
36 15
36 17
41 3
42 12
43 72
44 51
44 89
49 32
51 44
56 19
56 61
56 97
57 6
61 56
64 28
65 9
72 43
73 17
74 82
75 80
78 82
80 75
82 74
82 78
89 44
92 27
97 56
