0 0 1 2 3 4 6 8 9 10 14 14 15 16 17 17 18 20 23 23 30 32 33 36 36 37 38 38 39 39 40 40 43 44 47 52 54 55 55 55 57 58 58 59 59 61 61 62 62 66 67 68 74 74 74 75 75 76 78 78 80 85 85 87 88 88 89 89 92 92 95 97 97 99 101 107 108 113 113 115 118 119 123 124 124 124 128 131 132 133 133 135 135 140 145 145 147 148 148 149 
10 7 7 13 8 8 6 4 4 10 7 4 10 9 9 4 4 7 8 6 5 9 6 4 10 7 5 5 8 8 9 7 7 5 7 4 5 4 7 6 7 7 9 4 6 6 10 7 6 5 5 9 7 9 6 5 7 6 6 5 5 5 9 4 7 8 4 10 10 4 5 5 9 5 6 9 7 6 7 9 10 5 4 6 8 10 9 6 5 7 6 8 9 6 7 8 5 6 4 4 
1 1 1 1 1 1 1 1 1 1 1 1 1 1 1 1 1 1 1 1 1 1 1 1 1 1 1 1 1 1 1 1 1 1 1 1 1 1 1 1 1 1 1 1 1 1 1 1 1 1 1 1 1 1 1 1 1 1 1 1 1 1 1 1 1 1 1 1 1 1 1 1 1 1 1 1 1 1 1 1 1 1 1 1 1 1 1 1 1 1 1 1 1 1 1 1 1 1 1 1 
100
152
4
10000
2 12
4 28
9 42
9 90
11 41
12 2
13 24
13 59
15 82
22 83
24 13
28 4
36 85
37 94
39 86
41 11
42 9
44 82
46 92
49 82
55 79
59 13
60 81
67 92
69 90
70 76
76 70
79 55
81 60
82 15
82 44
82 49
83 22
85 36
86 39
90 9
90 69
92 46
92 67
94 37
