0 2 4 5 6 7 8 9 11 11 11 13 19 24 27 28 28 30 36 38 39 39 42 42 46 47 48 48 50 51 53 58 58 60 63 65 66 69 69 70 70 71 73 75 75 78 78 79 79 83 84 86 86 89 91 92 92 93 93 94 95 97 98 99 100 100 101 102 103 104 104 104 105 106 107 109 114 114 117 120 123 124 124 125 128 129 130 131 131 131 132 132 134 135 135 137 138 138 144 145 
6 4 9 11 9 6 6 9 5 7 6 7 10 8 5 4 10 4 4 4 8 4 6 4 5 5 7 9 9 7 6 6 5 12 8 7 7 6 4 7 5 7 5 6 5 6 10 5 7 4 7 6 6 7 7 10 7 6 7 7 8 4 4 7 9 13 12 10 6 6 6 10 9 8 8 4 4 5 6 6 7 6 5 7 6 13 4 6 7 9 5 7 6 4 7 12 4 9 7 6 
1 1 1 1 1 1 1 1 1 1 1 1 1 1 1 1 1 1 1 1 1 1 1 1 1 1 1 1 1 1 1 1 1 1 1 1 1 1 1 1 1 1 1 1 1 1 1 1 1 1 1 1 1 1 1 1 1 1 1 1 1 1 1 1 1 1 1 1 1 1 1 1 1 1 1 1 1 1 1 1 1 1 1 1 1 1 1 1 1 1 1 1 1 1 1 1 1 1 1 1 
100
152
4
10000
2 71
3 32
5 71
5 79
8 9
9 8
11 88
12 70
16 33
19 58
21 28
21 58
23 92
27 77
28 21
32 3
33 16
39 92
51 76
51 92
53 76
58 19
58 21
67 75
69 93
70 12
71 2
71 5
71 96
75 67
76 51
76 53
77 27
79 5
88 11
92 23
92 39
92 51
93 69
96 71
