0 0 1 2 3 5 5 8 10 11 12 16 17 18 20 20 21 24 25 25 26 27 29 29 29 30 32 34 34 35 38 39 42 46 47 47 47 51 52 55 58 60 61 62 62 64 64 64 65 66 67 70 72 73 76 77 81 84 84 86 89 90 90 90 92 93 98 99 99 101 103 105 106 106 107 109 109 111 112 116 118 119 119 120 124 130 131 132 134 134 134 134 135 136 136 137 140 142 147 149 
9 13 6 10 7 8 8 6 10 7 12 8 7 10 5 6 13 5 7 9 12 7 8 10 8 13 9 5 11 6 7 6 11 5 6 7 4 7 11 13 7 12 10 10 10 10 6 7 6 11 4 9 4 6 10 6 11 5 12 5 10 10 10 13 9 9 6 6 6 7 9 5 7 11 10 10 11 4 9 12 9 10 7 10 8 10 7 9 10 10 8 10 5 7 6 7 12 10 4 6 
1 1 1 1 1 1 1 1 1 1 1 1 1 1 1 1 1 1 1 1 1 1 1 1 1 1 1 1 1 1 1 1 1 1 1 1 1 1 1 1 1 1 1 1 1 1 1 1 1 1 1 1 1 1 1 1 1 1 1 1 1 1 1 1 1 1 1 1 1 1 1 1 1 1 1 1 1 1 1 1 1 1 1 1 1 1 1 1 1 1 1 1 1 1 1 1 1 1 1 1 
100
152
4
10000
3 57
9 93
12 78
16 26
20 37
22 39
26 16
27 40
27 82
29 41
29 70
34 91
35 71
37 20
38 43
39 22
40 27
40 89
41 29
41 50
41 53
43 38
50 41
53 41
57 3
59 72
60 85
66 74
67 88
70 29
71 35
72 59
74 66
78 12
82 27
85 60
88 67
89 40
91 34
93 9
