0 6 9 10 13 17 17 18 18 18 23 24 27 31 34 40 41 46 47 47 47 49 52 53 58 59 61 61 62 66 68 69 70 70 72 72 73 79 83 84 84 85 87 88 89 92 98 108 110 113 115 118 119 119 120 122 122 124 124 125 125 127 127 132 138 140 144 145 147 148 
7 12 13 6 6 5 13 12 8 8 6 9 9 8 6 4 5 4 7 5 4 7 7 6 4 7 7 6 4 5 5 7 5 4 6 4 9 8 10 4 4 12 7 5 6 9 5 7 5 6 5 6 5 6 5 4 7 9 5 5 7 8 9 4 7 9 8 7 4 4 
1 1 1 1 1 1 1 1 1 1 1 1 1 1 1 1 1 1 1 1 1 1 1 1 1 1 1 1 1 1 1 1 1 1 1 1 1 1 1 1 1 1 1 1 1 1 1 1 1 1 1 1 1 1 1 1 1 1 1 1 1 1 1 1 1 1 1 1 1 1 
70
152
4
10000
0 46
6 16
8 46
10 53
11 39
16 6
19 37
22 44
25 66
28 49
31 51
34 64
37 19
37 43
39 11
43 37
43 60
44 22
46 0
46 8
49 28
51 31
53 10
53 68
60 43
64 34
66 25
68 53
