2 2 3 4 4 4 4 6 8 10 10 11 11 11 12 12 13 13 14 17 19 19 19 20 21 23 23 23 27 30 30 30 31 35 38 38 39 39 41 42 42 45 50 50 53 53 54 59 61 62 63 63 64 65 66 68 69 71 74 75 75 77 80 82 85 88 89 93 94 95 95 99 102 102 107 109 111 111 112 112 114 115 117 119 119 121 122 125 127 128 128 128 134 134 135 146 148 149 150 150 
9 9 6 7 13 10 10 10 7 9 13 10 13 9 10 9 5 7 9 7 4 9 10 6 7 10 6 7 13 5 10 12 7 12 4 13 9 6 10 10 10 7 6 7 6 10 12 5 10 9 8 8 12 8 7 5 5 8 8 4 7 8 12 9 8 12 7 7 6 7 4 12 5 7 4 7 7 13 10 8 6 10 9 8 6 11 7 8 6 7 8 10 7 11 4 7 6 8 7 9 
1 1 1 1 1 1 1 1 1 1 1 1 1 1 1 1 1 1 1 1 1 1 1 1 1 1 1 1 1 1 1 1 1 1 1 1 1 1 1 1 1 1 1 1 1 1 1 1 1 1 1 1 1 1 1 1 1 1 1 1 1 1 1 1 1 1 1 1 1 1 1 1 1 1 1 1 1 1 1 1 1 1 1 1 1 1 1 1 1 1 1 1 1 1 1 1 1 1 1 1 
100
152
4
10000
3 30
3 36
4 18
13 31
14 27
16 44
17 27
17 56
17 85
18 4
25 84
27 14
27 17
27 51
30 3
31 13
31 49
33 47
35 78
36 3
37 77
44 16
47 33
49 31
51 27
52 89
56 17
67 76
71 91
73 96
76 67
77 37
78 35
78 95
84 25
85 17
89 52
91 71
95 78
96 73
