0 0 4 5 5 6 6 6 7 8 11 12 12 15 18 19 23 23 27 27 28 28 33 34 38 40 43 43 45 46 46 49 49 51 53 56 58 59 59 59 60 64 65 68 70 70 71 73 75 77 77 78 81 84 84 86 89 91 91 93 94 96 97 97 101 102 103 104 104 104 105 106 108 111 112 113 113 114 116 116 117 117 118 121 122 124 125 126 130 133 133 138 138 139 139 142 142 142 146 147 
12 14 15 10 14 8 9 12 12 10 11 8 14 9 8 11 9 9 12 14 17 15 13 15 10 13 14 15 11 15 8 13 13 11 9 9 14 14 10 14 12 12 12 11 17 17 11 16 9 11 15 10 14 10 14 16 12 12 14 8 11 16 12 15 10 10 9 14 15 12 12 14 8 10 13 9 8 12 9 10 17 9 14 11 8 12 9 8 14 12 12 12 12 12 11 12 12 10 11 10 
1 1 1 1 1 1 1 1 1 1 1 1 1 1 1 1 1 1 1 1 1 1 1 1 1 1 1 1 1 1 1 1 1 1 1 1 1 1 1 1 1 1 1 1 1 1 1 1 1 1 1 1 1 1 1 1 1 1 1 1 1 1 1 1 1 1 1 1 1 1 1 1 1 1 1 1 1 1 1 1 1 1 1 1 1 1 1 1 1 1 1 1 1 1 1 1 1 1 1 1 
100
152
4
10000
6 87
9 78
12 50
19 56
20 61
21 83
22 89
23 61
25 65
27 91
28 51
34 78
36 81
39 87
42 80
48 57
50 12
51 28
53 65
53 82
56 19
57 48
61 20
61 23
62 78
65 25
65 53
71 79
78 9
78 34
78 62
79 71
80 42
81 36
82 53
83 21
87 6
87 39
89 22
91 27
