3 4 4 5 7 8 8 10 11 11 12 12 13 17 18 23 24 24 25 26 27 28 29 30 34 37 38 42 43 45 47 48 48 49 49 50 50 51 51 60 62 63 63 64 65 65 66 66 68 68 68 70 73 73 75 77 78 79 81 86 91 92 93 97 97 100 102 106 107 107 109 110 113 114 114 116 116 119 121 123 123 123 126 129 130 130 131 136 137 137 138 138 140 142 143 145 145 146 147 149 
13 17 11 13 10 14 13 14 10 11 8 11 9 16 15 10 12 13 11 14 13 13 10 13 16 11 14 10 9 15 11 10 8 10 14 10 14 14 10 16 13 15 12 8 8 13 8 10 12 16 14 11 12 16 8 12 14 10 13 12 16 16 11 10 10 15 8 8 8 17 12 14 10 11 16 13 15 12 13 10 12 11 15 8 12 10 12 12 17 12 13 11 14 9 9 10 14 12 8 17 
1 1 1 1 1 1 1 1 1 1 1 1 1 1 1 1 1 1 1 1 1 1 1 1 1 1 1 1 1 1 1 1 1 1 1 1 1 1 1 1 1 1 1 1 1 1 1 1 1 1 1 1 1 1 1 1 1 1 1 1 1 1 1 1 1 1 1 1 1 1 1 1 1 1 1 1 1 1 1 1 1 1 1 1 1 1 1 1 1 1 1 1 1 1 1 1 1 1 1 1 
100
152
4
10000
2 84
5 65
9 33
12 25
12 27
16 80
17 20
19 44
20 17
23 87
25 12
27 12
33 9
41 51
42 75
44 19
46 97
51 41
51 83
56 58
58 56
58 75
60 70
65 5
68 71
70 60
71 68
71 85
75 42
75 58
80 16
83 51
84 2
84 92
85 71
87 23
88 93
92 84
93 88
97 46
