1 4 5 7 8 9 9 11 12 14 15 17 17 18 18 21 26 30 30 30 31 32 34 34 40 40 41 42 42 43 43 44 46 47 50 52 52 55 55 57 59 62 62 63 64 65 70 71 71 71 79 84 84 85 85 86 88 91 92 97 97 98 99 102 103 104 105 107 108 110 111 112 113 115 117 118 118 119 119 120 123 124 125 125 125 128 128 130 135 135 135 136 137 142 143 144 147 147 149 150 
9 11 9 10 14 12 17 14 14 13 14 12 12 11 8 14 12 15 17 10 11 13 17 15 12 10 10 11 16 11 10 8 16 10 14 8 11 8 11 9 10 14 11 17 11 11 9 12 9 9 11 14 14 10 12 8 9 10 16 16 15 10 11 11 17 11 10 12 11 17 9 12 16 17 11 10 14 14 11 9 13 11 9 13 14 11 9 9 10 17 8 11 14 12 14 15 13 17 10 15 
1 1 1 1 1 1 1 1 1 1 1 1 1 1 1 1 1 1 1 1 1 1 1 1 1 1 1 1 1 1 1 1 1 1 1 1 1 1 1 1 1 1 1 1 1 1 1 1 1 1 1 1 1 1 1 1 1 1 1 1 1 1 1 1 1 1 1 1 1 1 1 1 1 1 1 1 1 1 1 1 1 1 1 1 1 1 1 1 1 1 1 1 1 1 1 1 1 1 1 1 
100
152
4
10000
3 54
4 22
4 23
8 53
8 70
11 32
11 68
19 34
19 79
22 4
23 4
24 96
25 29
26 70
29 25
32 11
34 19
40 74
41 53
43 84
44 47
47 44
53 8
53 41
53 65
54 3
62 91
65 53
65 91
68 11
70 8
70 26
74 40
79 19
84 43
91 62
91 65
96 24
