1 2 4 6 8 12 16 18 22 27 29 29 31 31 32 35 35 35 36 36 39 43 46 47 47 48 49 50 51 52 53 53 55 56 57 59 60 60 64 66 67 67 69 73 73 74 75 78 79 79 79 80 81 84 85 94 98 100 100 101 106 109 109 110 110 110 110 112 113 116 117 119 119 120 120 122 123 123 123 123 123 124 125 126 127 128 129 129 130 131 132 132 134 134 135 135 136 140 147 149 
11 17 11 13 11 13 10 15 11 13 11 11 11 10 15 13 10 10 9 11 11 9 8 8 8 10 11 9 11 11 11 11 9 9 11 15 8 10 8 15 9 9 12 11 9 8 9 11 8 8 14 11 10 10 8 10 8 8 9 10 10 8 11 9 9 10 11 12 11 8 10 9 10 9 10 10 10 11 9 14 10 10 9 10 12 8 10 11 14 10 9 10 15 11 9 13 12 10 16 11 
1 1 1 1 1 1 1 1 1 1 1 1 1 1 1 1 1 1 1 1 1 1 1 1 1 1 1 1 1 1 1 1 1 1 1 1 1 1 1 1 1 1 1 1 1 1 1 1 1 1 1 1 1 1 1 1 1 1 1 1 1 1 1 1 1 1 1 1 1 1 1 1 1 1 1 1 1 1 1 1 1 1 1 1 1 1 1 1 1 1 1 1 1 1 1 1 1 1 1 1 
100
152
4
10000
2 19
2 70
5 80
8 60
9 52
9 68
18 31
19 2
19 55
21 66
21 69
21 94
25 31
29 48
30 40
31 18
31 25
33 44
35 77
40 30
44 33
48 29
52 9
53 93
55 19
58 68
60 8
66 21
66 69
68 9
68 58
69 21
69 66
69 85
70 2
77 35
80 5
85 69
93 53
94 21
