1 1 2 2 5 6 6 7 7 8 8 11 11 11 18 18 18 21 21 24 25 28 33 35 39 40 40 44 45 48 48 49 49 50 52 55 57 58 58 60 61 62 63 64 65 66 67 67 69 69 71 76 77 79 79 81 84 84 87 88 91 93 95 97 99 101 102 102 103 103 107 108 108 109 111 111 111 112 114 115 121 124 130 131 133 133 134 134 134 135 136 138 141 141 143 144 144 145 146 147 
11 9 12 11 11 10 11 10 10 10 10 15 8 10 9 11 10 9 11 10 12 8 10 11 13 13 11 10 8 15 11 9 12 9 8 13 12 8 10 9 13 11 11 12 11 9 10 8 16 11 10 11 12 11 12 10 11 13 10 12 9 8 10 13 11 8 10 15 15 8 10 9 8 11 10 14 11 16 8 11 11 12 14 11 9 11 9 11 9 13 11 10 11 15 8 11 10 13 11 13 
1 1 1 1 1 1 1 1 1 1 1 1 1 1 1 1 1 1 1 1 1 1 1 1 1 1 1 1 1 1 1 1 1 1 1 1 1 1 1 1 1 1 1 1 1 1 1 1 1 1 1 1 1 1 1 1 1 1 1 1 1 1 1 1 1 1 1 1 1 1 1 1 1 1 1 1 1 1 1 1 1 1 1 1 1 1 1 1 1 1 1 1 1 1 1 1 1 1 1 1 
100
152
4
10000
4 22
9 59
12 16
14 35
16 12
18 77
21 26
22 4
24 67
25 74
26 21
27 78
30 68
35 14
39 61
46 80
49 93
52 84
59 9
61 39
61 80
62 93
67 24
68 30
69 84
72 82
73 94
74 25
77 18
78 27
78 88
80 46
80 61
82 72
84 52
84 69
88 78
93 49
93 62
94 73
