0 4 5 6 12 13 16 16 19 20 21 23 29 31 33 35 36 38 38 39 40 41 42 44 45 46 48 49 49 49 49 50 50 53 54 55 55 57 59 61 63 66 68 69 69 71 71 76 77 79 80 81 82 85 85 85 86 87 88 89 91 95 96 98 98 100 101 101 104 105 108 109 109 111 112 112 113 117 117 124 129 130 132 134 135 135 136 138 139 140 140 141 144 145 146 146 148 148 149 149 
9 8 11 13 10 10 8 11 11 9 9 14 12 10 11 10 17 8 16 10 14 14 10 11 11 8 9 13 8 12 13 9 12 11 10 10 8 10 10 9 11 8 8 9 10 14 8 11 10 8 8 11 9 9 8 8 10 9 12 11 10 13 8 11 11 10 9 14 12 10 9 9 12 8 15 8 14 13 13 11 9 9 12 14 14 17 8 9 10 12 16 10 10 9 8 8 8 10 16 11 
1 1 1 1 1 1 1 1 1 1 1 1 1 1 1 1 1 1 1 1 1 1 1 1 1 1 1 1 1 1 1 1 1 1 1 1 1 1 1 1 1 1 1 1 1 1 1 1 1 1 1 1 1 1 1 1 1 1 1 1 1 1 1 1 1 1 1 1 1 1 1 1 1 1 1 1 1 1 1 1 1 1 1 1 1 1 1 1 1 1 1 1 1 1 1 1 1 1 1 1 
100
152
4
10000
5 63
7 69
8 72
15 84
16 77
17 96
19 21
19 71
21 19
24 91
27 33
27 46
33 27
34 88
38 75
39 65
42 43
42 88
43 42
44 59
46 27
46 49
49 46
59 44
63 5
65 39
69 7
71 19
72 8
75 38
76 87
77 16
84 15
85 86
86 85
87 76
88 34
88 42
91 24
96 17
