1 2 4 5 6 7 9 9 12 12 16 16 17 17 19 20 26 27 27 31 33 34 36 37 38 40 47 47 49 50 52 53 62 63 65 70 71 72 79 82 83 84 86 88 88 88 89 91 91 92 92 93 103 105 110 114 118 120 123 125 126 129 132 137 143 144 144 145 148 149 
14 10 19 9 19 14 9 10 10 17 8 10 12 9 9 9 9 10 14 10 8 15 9 10 11 8 14 10 8 9 11 21 9 12 8 11 10 12 10 14 13 14 11 8 9 12 9 10 10 15 19 19 9 10 11 15 8 10 13 8 12 15 9 9 11 8 8 11 11 9 
1 1 1 1 1 1 1 1 1 1 1 1 1 1 1 1 1 1 1 1 1 1 1 1 1 1 1 1 1 1 1 1 1 1 1 1 1 1 1 1 1 1 1 1 1 1 1 1 1 1 1 1 1 1 1 1 1 1 1 1 1 1 1 1 1 1 1 1 1 1 
70
152
8
10000
2 11
2 20
6 56
11 2
14 42
19 31
20 2
26 35
31 19
35 26
42 14
48 55
55 48
56 6
