0 6 6 7 9 11 14 15 16 17 22 22 27 28 28 32 33 38 39 41 42 43 45 45 47 47 48 51 55 57 58 63 66 68 70 72 73 81 84 85 85 87 87 89 92 93 94 100 101 103 104 104 105 106 107 110 113 121 123 124 124 133 136 139 140 145 145 146 147 149 
18 11 14 11 14 10 14 8 11 18 15 10 15 12 8 8 16 9 12 8 9 8 8 12 11 13 12 9 9 8 13 11 8 9 11 9 11 9 11 9 11 11 12 13 9 8 16 18 10 11 11 11 9 13 8 14 8 11 12 9 19 12 9 10 13 10 9 9 8 8 
1 1 1 1 1 1 1 1 1 1 1 1 1 1 1 1 1 1 1 1 1 1 1 1 1 1 1 1 1 1 1 1 1 1 1 1 1 1 1 1 1 1 1 1 1 1 1 1 1 1 1 1 1 1 1 1 1 1 1 1 1 1 1 1 1 1 1 1 1 1 
70
152
8
10000
3 6
6 3
6 39
21 49
23 40
37 54
39 6
40 23
40 61
45 64
49 21
54 37
61 40
64 45
