1 2 3 5 14 15 15 17 17 20 24 28 28 30 31 38 39 40 49 51 51 53 54 55 57 59 61 63 63 66 69 69 72 74 74 75 76 76 78 79 80 82 90 95 98 104 104 106 106 110 111 116 116 117 117 123 123 127 128 134 134 134 137 139 141 143 146 147 148 150 
15 11 15 9 8 10 19 10 9 10 11 10 13 11 11 13 8 10 11 11 15 15 15 15 15 10 16 12 13 14 11 14 10 8 15 11 10 10 9 17 8 9 9 8 10 8 14 10 11 18 8 10 9 9 10 10 15 18 11 11 11 11 11 9 8 15 14 11 11 9 
1 1 1 1 1 1 1 1 1 1 1 1 1 1 1 1 1 1 1 1 1 1 1 1 1 1 1 1 1 1 1 1 1 1 1 1 1 1 1 1 1 1 1 1 1 1 1 1 1 1 1 1 1 1 1 1 1 1 1 1 1 1 1 1 1 1 1 1 1 1 
70
152
8
10000
5 35
7 55
11 19
13 50
19 11
22 64
25 44
35 5
44 25
45 66
50 13
55 7
64 22
66 45
