0 1 6 7 14 15 16 17 17 20 24 28 29 32 35 38 39 41 42 44 46 49 50 55 55 56 57 57 58 61 62 63 64 70 76 79 79 79 81 81 83 84 84 84 89 89 96 97 103 104 109 112 114 114 119 123 125 126 127 132 134 135 138 141 142 143 143 146 147 148 
10 10 14 19 15 21 12 15 10 17 10 10 10 9 14 10 13 21 13 10 11 8 18 18 10 21 10 20 17 10 8 10 10 15 14 8 10 9 14 17 20 14 16 9 15 8 21 10 14 10 11 13 10 8 21 21 21 8 8 11 11 8 11 19 18 11 15 14 13 11 
1 1 1 1 1 1 1 1 1 1 1 1 1 1 1 1 1 1 1 1 1 1 1 1 1 1 1 1 1 1 1 1 1 1 1 1 1 1 1 1 1 1 1 1 1 1 1 1 1 1 1 1 1 1 1 1 1 1 1 1 1 1 1 1 1 1 1 1 1 1 
70
152
8
10000
3 4
4 3
14 24
15 49
24 14
29 32
32 29
36 39
37 53
39 36
49 15
53 37
53 67
67 53
