2 6 9 11 13 13 15 18 21 22 26 31 32 34 36 37 40 40 42 43 43 50 50 51 51 55 57 59 61 66 66 67 68 71 73 74 75 81 88 95 98 102 104 106 107 110 110 111 112 114 118 119 120 121 125 127 130 131 131 132 132 136 138 141 142 142 143 146 148 149 
9 5 5 5 10 8 7 5 11 9 6 10 5 8 11 9 4 8 9 8 6 5 4 6 7 7 4 7 8 10 5 9 7 10 4 6 8 8 4 4 11 6 8 4 5 4 5 8 5 5 8 4 11 11 10 8 5 8 8 9 8 7 4 6 9 9 4 8 6 4 
1 1 1 1 1 1 1 1 1 1 1 1 1 1 1 1 1 1 1 1 1 1 1 1 1 1 1 1 1 1 1 1 1 1 1 1 1 1 1 1 1 1 1 1 1 1 1 1 1 1 1 1 1 1 1 1 1 1 1 1 1 1 1 1 1 1 1 1 1 1 
70
152
8
10000
20 37
24 25
24 61
25 24
26 50
28 35
28 42
35 28
37 20
42 28
47 56
50 26
56 47
61 24
