0 0 0 1 8 8 11 20 22 27 27 31 33 33 36 39 42 44 47 49 50 54 55 65 65 67 70 74 81 84 85 90 90 91 91 95 99 99 100 100 105 106 108 108 112 115 116 120 120 121 122 124 124 125 126 130 130 130 131 131 140 141 143 144 145 145 145 147 149 150 
11 7 8 5 9 11 5 5 6 9 7 8 5 5 4 5 6 9 11 11 10 7 8 4 5 8 8 5 4 8 8 4 7 4 6 4 4 8 10 6 5 5 5 5 9 7 8 8 4 7 4 8 11 4 10 8 11 11 8 8 8 4 11 11 8 6 4 6 10 8 
1 1 1 1 1 1 1 1 1 1 1 1 1 1 1 1 1 1 1 1 1 1 1 1 1 1 1 1 1 1 1 1 1 1 1 1 1 1 1 1 1 1 1 1 1 1 1 1 1 1 1 1 1 1 1 1 1 1 1 1 1 1 1 1 1 1 1 1 1 1 
70
152
8
10000
3 25
6 36
7 38
8 36
21 47
25 3
36 6
36 8
38 7
38 55
47 21
55 38
56 62
62 56
