2 3 4 9 12 13 18 19 26 28 28 29 39 42 44 44 44 47 53 57 59 60 63 65 68 72 73 75 76 77 85 85 88 92 97 98 98 100 101 104 109 112 114 116 118 121 122 123 125 125 127 127 127 128 129 130 132 134 135 135 135 136 140 142 144 145 145 147 147 149 
6 4 6 4 7 5 9 7 6 9 9 4 9 7 5 5 5 8 11 6 6 6 4 7 11 6 11 7 7 10 5 11 9 10 5 6 7 5 5 8 10 5 8 7 4 8 4 5 5 7 8 4 5 10 9 5 8 6 5 11 7 6 5 5 6 5 8 8 8 10 
1 1 1 1 1 1 1 1 1 1 1 1 1 1 1 1 1 1 1 1 1 1 1 1 1 1 1 1 1 1 1 1 1 1 1 1 1 1 1 1 1 1 1 1 1 1 1 1 1 1 1 1 1 1 1 1 1 1 1 1 1 1 1 1 1 1 1 1 1 1 
70
152
8
10000
3 12
5 63
12 3
17 19
19 17
19 22
22 19
25 61
36 45
45 36
48 56
56 48
61 25
63 5
