3 6 18 23 26 26 27 29 30 30 31 35 37 37 39 39 39 40 42 42 42 43 44 48 49 51 51 54 55 58 65 68 70 73 74 78 80 81 84 85 85 86 91 92 92 92 93 95 95 101 101 104 105 106 107 110 111 111 113 114 115 118 119 126 130 131 140 141 143 146 
12 8 13 6 6 9 9 9 7 12 6 12 13 6 9 11 13 9 9 6 6 4 9 8 9 7 10 8 12 7 5 9 6 4 6 11 4 6 5 7 4 6 6 7 9 10 4 9 8 9 9 7 9 7 9 7 13 4 11 9 13 7 9 5 13 6 8 8 9 6 
1 1 1 1 1 1 1 1 1 1 1 1 1 1 1 1 1 1 1 1 1 1 1 1 1 1 1 1 1 1 1 1 1 1 1 1 1 1 1 1 1 1 1 1 1 1 1 1 1 1 1 1 1 1 1 1 1 1 1 1 1 1 1 1 1 1 1 1 1 1 
70
152
4
10000
15 36
16 30
16 57
21 30
25 50
26 61
27 52
30 16
30 21
30 48
32 52
36 15
36 53
38 45
44 51
45 38
48 30
50 25
51 44
51 65
52 27
52 32
52 64
53 36
57 16
61 26
64 52
65 51
