0 1 2 5 6 10 11 14 14 15 18 19 21 24 25 28 28 30 30 31 34 34 35 36 38 40 44 45 46 49 49 50 53 55 57 60 66 66 66 67 70 70 71 74 76 78 79 83 83 89 89 92 92 95 102 107 114 123 124 127 131 131 132 136 140 140 142 144 147 147 
6 6 4 4 5 9 4 7 11 5 6 10 8 8 10 9 8 6 8 10 10 10 7 5 8 4 6 8 4 5 11 4 5 4 4 6 5 4 9 8 8 11 9 4 6 7 10 8 6 8 7 4 8 4 11 6 11 7 7 5 4 11 11 4 6 8 4 7 5 5 
1 1 1 1 1 1 1 1 1 1 1 1 1 1 1 1 1 1 1 1 1 1 1 1 1 1 1 1 1 1 1 1 1 1 1 1 1 1 1 1 1 1 1 1 1 1 1 1 1 1 1 1 1 1 1 1 1 1 1 1 1 1 1 1 1 1 1 1 1 1 
70
152
8
10000
3 5
5 3
7 56
11 24
14 33
17 33
23 53
24 11
30 36
33 14
33 17
36 30
53 23
56 7
