2 2 3 4 9 11 11 13 13 14 14 18 18 18 19 20 22 26 29 37 42 49 50 56 66 67 67 67 73 74 76 77 77 81 82 82 86 88 89 90 91 94 94 95 95 104 105 106 111 111 112 121 121 123 123 124 124 126 126 126 127 131 131 134 135 137 142 145 145 146 
8 4 4 5 5 5 7 5 5 7 4 4 6 5 4 8 7 4 6 4 4 7 4 5 5 5 6 6 4 4 4 4 5 8 5 8 5 5 4 8 6 6 4 4 11 6 10 4 4 10 4 8 8 4 4 8 4 7 5 4 7 4 4 5 4 7 5 10 8 6 
1 1 1 1 1 1 1 1 1 1 1 1 1 1 1 1 1 1 1 1 1 1 1 1 1 1 1 1 1 1 1 1 1 1 1 1 1 1 1 1 1 1 1 1 1 1 1 1 1 1 1 1 1 1 1 1 1 1 1 1 1 1 1 1 1 1 1 1 1 1 
70
152
8
10000
21 22
22 21
23 28
28 23
31 56
34 42
39 53
42 34
49 66
53 39
56 31
60 67
66 49
67 60
