1 2 2 2 2 4 5 11 15 15 17 17 18 19 19 19 20 21 23 26 26 27 29 34 34 34 36 38 40 40 41 41 43 45 46 46 47 48 48 48 49 49 50 50 50 52 53 53 55 63 63 64 68 69 75 76 77 78 79 80 81 83 88 88 88 91 92 97 99 100 100 101 102 103 103 104 108 109 109 110 110 111 116 122 128 128 128 129 132 133 134 135 135 135 137 141 142 142 142 148 
6 4 6 4 4 4 5 7 4 8 6 7 9 8 7 7 6 5 4 11 9 6 4 11 6 6 4 5 5 9 6 8 5 8 7 8 8 5 5 8 5 8 5 5 5 11 4 5 4 5 5 4 4 4 4 5 5 5 5 4 4 8 4 5 4 4 5 8 5 7 5 5 5 4 6 4 5 4 4 6 5 4 5 5 6 4 5 5 7 10 6 6 5 4 5 10 4 7 5 6 
1 1 1 1 1 1 1 1 1 1 1 1 1 1 1 1 1 1 1 1 1 1 1 1 1 1 1 1 1 1 1 1 1 1 1 1 1 1 1 1 1 1 1 1 1 1 1 1 1 1 1 1 1 1 1 1 1 1 1 1 1 1 1 1 1 1 1 1 1 1 1 1 1 1 1 1 1 1 1 1 1 1 1 1 1 1 1 1 1 1 1 1 1 1 1 1 1 1 1 1 
100
152
8
10000
5 37
9 33
10 49
16 49
16 94
20 30
22 59
30 20
33 9
37 5
49 10
49 16
57 86
59 22
62 96
75 91
86 57
91 75
94 16
96 62
