2 2 3 4 9 10 11 15 20 22 23 23 25 26 27 28 28 28 28 31 31 31 32 33 33 33 34 36 38 39 40 40 41 42 42 44 47 48 48 50 52 53 55 56 56 59 59 66 67 68 68 68 69 69 69 72 73 73 75 75 77 77 79 80 81 83 87 91 94 95 99 99 103 107 108 110 112 114 114 119 121 121 122 122 125 128 131 132 133 136 136 138 138 140 140 142 144 146 146 146 
8 8 12 18 11 18 9 18 8 13 11 15 9 9 8 8 8 13 8 10 13 11 9 8 12 8 12 9 9 8 13 11 9 8 8 12 10 11 9 14 8 12 8 8 8 8 8 14 10 16 8 9 8 9 8 8 9 9 9 13 8 9 8 12 9 8 12 9 9 8 16 9 9 14 13 11 10 9 12 8 9 10 10 8 9 8 8 8 8 8 9 9 17 10 10 11 11 9 9 9 
1 1 1 1 1 1 1 1 1 1 1 1 1 1 1 1 1 1 1 1 1 1 1 1 1 1 1 1 1 1 1 1 1 1 1 1 1 1 1 1 1 1 1 1 1 1 1 1 1 1 1 1 1 1 1 1 1 1 1 1 1 1 1 1 1 1 1 1 1 1 1 1 1 1 1 1 1 1 1 1 1 1 1 1 1 1 1 1 1 1 1 1 1 1 1 1 1 1 1 1 
100
152
8
10000
2 9
3 20
9 2
16 22
20 3
22 16
22 88
39 81
42 52
44 71
52 42
69 83
71 44
75 85
78 87
81 39
83 69
85 75
87 78
88 22
