0 1 1 5 5 7 12 13 13 14 16 16 16 16 18 18 19 19 19 20 21 25 27 29 32 32 33 33 33 36 39 39 43 43 49 50 51 55 57 62 63 63 66 67 68 68 69 70 72 73 75 75 76 76 76 81 81 81 83 85 89 90 90 93 94 96 98 99 104 105 107 108 108 110 112 113 116 119 119 119 119 119 125 126 127 128 131 132 135 135 135 137 138 139 140 140 145 145 146 146 
8 14 10 8 18 9 19 8 11 13 18 9 18 9 9 9 18 11 8 8 8 13 11 10 9 17 15 16 19 9 10 10 11 11 10 13 8 17 9 19 17 13 9 18 9 10 9 10 8 18 18 9 13 11 9 8 10 16 18 19 18 12 10 8 14 10 16 9 8 10 10 16 9 17 17 19 16 9 18 12 11 10 11 10 13 15 13 11 8 17 12 17 16 15 8 14 9 8 8 8 
1 1 1 1 1 1 1 1 1 1 1 1 1 1 1 1 1 1 1 1 1 1 1 1 1 1 1 1 1 1 1 1 1 1 1 1 1 1 1 1 1 1 1 1 1 1 1 1 1 1 1 1 1 1 1 1 1 1 1 1 1 1 1 1 1 1 1 1 1 1 1 1 1 1 1 1 1 1 1 1 1 1 1 1 1 1 1 1 1 1 1 1 1 1 1 1 1 1 1 1 
100
152
8
10000
6 77
18 81
21 63
22 46
27 47
33 42
42 33
43 61
46 22
47 27
61 43
63 21
68 87
77 6
80 96
81 18
87 68
89 97
96 80
97 89
