0 0 1 2 2 3 6 10 17 18 20 21 22 26 28 29 29 30 33 35 35 36 36 38 40 47 47 47 53 53 54 54 54 55 55 56 59 60 61 61 63 65 67 72 72 72 73 74 75 76 77 79 80 80 81 81 82 83 84 84 89 90 91 91 93 94 96 97 97 97 98 100 103 106 110 113 113 114 115 115 115 120 122 123 125 127 127 130 131 132 133 137 140 142 143 144 144 146 148 149 
8 9 5 8 6 7 4 9 8 7 9 8 10 7 11 8 4 4 8 8 8 11 6 5 8 4 8 8 4 5 9 5 7 10 9 6 7 8 8 10 5 9 8 5 11 4 4 10 9 9 4 6 4 7 9 4 5 10 5 6 9 8 8 5 10 7 7 5 10 4 5 6 5 4 9 8 5 8 11 5 4 7 8 9 9 4 11 5 8 4 4 6 8 4 8 7 10 8 6 5 
1 1 1 1 1 1 1 1 1 1 1 1 1 1 1 1 1 1 1 1 1 1 1 1 1 1 1 1 1 1 1 1 1 1 1 1 1 1 1 1 1 1 1 1 1 1 1 1 1 1 1 1 1 1 1 1 1 1 1 1 1 1 1 1 1 1 1 1 1 1 1 1 1 1 1 1 1 1 1 1 1 1 1 1 1 1 1 1 1 1 1 1 1 1 1 1 1 1 1 1 
100
152
8
10000
3 51
9 70
18 69
20 66
26 54
28 94
30 55
39 80
46 54
51 3
54 26
54 46
55 30
66 20
69 18
70 9
74 86
80 39
86 74
94 28
