1 2 3 5 5 6 7 8 11 13 18 19 21 22 23 26 27 27 28 28 28 31 32 33 33 34 35 35 36 36 38 38 39 39 39 39 41 42 44 44 48 49 50 51 51 51 51 51 52 53 55 58 58 59 59 60 62 62 63 64 65 67 69 69 70 71 73 73 73 74 76 76 77 77 78 79 80 84 84 85 85 86 87 88 88 88 91 92 93 94 94 96 96 100 100 101 101 102 103 104 105 106 106 107 109 110 110 111 112 112 113 114 114 115 115 118 120 120 121 122 125 126 127 129 129 130 130 132 134 134 135 135 136 137 138 138 139 139 140 141 141 142 143 143 145 146 146 147 147 147 
8 7 8 9 4 8 6 11 9 7 11 5 8 11 10 10 9 10 5 5 8 8 4 4 9 7 8 8 5 6 5 9 4 4 4 5 7 6 8 8 5 6 5 4 8 8 5 7 6 7 4 9 8 8 5 4 8 5 8 4 7 5 4 5 9 5 7 7 4 8 10 4 5 11 5 8 8 8 11 5 5 9 9 6 4 10 5 8 9 7 8 5 7 5 8 9 7 6 10 10 11 6 8 5 5 4 8 10 9 11 4 4 7 4 8 5 5 8 9 7 10 5 9 5 11 6 8 8 11 10 6 4 5 7 8 7 4 4 7 8 6 4 8 11 6 8 8 7 7 7 
1 1 1 1 1 1 1 1 1 1 1 1 1 1 1 1 1 1 1 1 1 1 1 1 1 1 1 1 1 1 1 1 1 1 1 1 1 1 1 1 1 1 1 1 1 1 1 1 1 1 1 1 1 1 1 1 1 1 1 1 1 1 1 1 1 1 1 1 1 1 1 1 1 1 1 1 1 1 1 1 1 1 1 1 1 1 1 1 1 1 1 1 1 1 1 1 1 1 1 1 1 1 1 1 1 1 1 1 1 1 1 1 1 1 1 1 1 1 1 1 1 1 1 1 1 1 1 1 1 1 1 1 1 1 1 1 1 1 1 1 1 1 1 1 1 1 1 1 1 1 
150
152
12
10000
3 102
5 103
8 56
10 66
17 105
18 56
22 70
33 48
37 102
48 33
53 58
56 8
56 18
58 53
65 78
66 10
69 116
70 22
78 65
81 98
86 128
93 117
98 81
101 144
102 3
102 37
103 5
105 17
116 69
117 93
128 86
144 101
