1 1 3 5 5 6 7 8 9 9 10 10 10 12 12 13 13 16 17 18 18 19 19 20 20 23 25 25 27 29 30 30 30 30 32 32 33 34 34 34 34 34 35 35 37 37 38 39 40 43 43 44 44 46 47 49 50 50 52 52 54 57 57 57 58 60 60 60 61 64 65 65 66 66 72 74 75 76 76 77 77 79 80 80 82 84 85 87 87 88 89 89 89 90 91 91 92 92 94 95 96 96 97 97 97 98 99 99 100 101 102 104 106 107 110 113 114 116 116 117 117 118 119 120 121 122 124 124 125 126 126 126 127 127 129 130 133 134 134 137 138 140 140 140 141 143 145 146 148 148 
4 5 8 8 9 5 7 5 7 5 4 4 8 5 5 10 11 7 5 7 8 7 7 11 9 5 11 10 4 7 4 11 8 6 6 4 5 5 8 7 7 6 6 8 8 4 7 7 4 7 7 6 8 5 10 11 5 7 5 9 5 10 8 8 5 9 5 8 7 4 8 11 4 6 11 5 10 5 5 4 4 10 4 9 8 8 5 4 8 6 11 8 8 7 5 5 4 6 8 11 11 9 7 10 10 5 4 9 6 7 9 8 6 8 11 4 10 7 8 4 6 4 4 8 5 7 7 9 8 11 11 7 6 4 11 6 8 11 4 8 8 6 4 11 8 11 4 7 5 4 
1 1 1 1 1 1 1 1 1 1 1 1 1 1 1 1 1 1 1 1 1 1 1 1 1 1 1 1 1 1 1 1 1 1 1 1 1 1 1 1 1 1 1 1 1 1 1 1 1 1 1 1 1 1 1 1 1 1 1 1 1 1 1 1 1 1 1 1 1 1 1 1 1 1 1 1 1 1 1 1 1 1 1 1 1 1 1 1 1 1 1 1 1 1 1 1 1 1 1 1 1 1 1 1 1 1 1 1 1 1 1 1 1 1 1 1 1 1 1 1 1 1 1 1 1 1 1 1 1 1 1 1 1 1 1 1 1 1 1 1 1 1 1 1 1 1 1 1 1 1 
150
152
12
10000
2 5
5 2
11 19
13 35
19 11
20 116
26 74
26 111
28 85
29 30
30 29
35 13
39 81
41 69
44 95
69 41
69 92
70 71
71 70
74 26
77 114
81 39
85 28
90 132
92 69
95 44
107 119
111 26
114 77
116 20
119 107
132 90
