0 1 2 2 3 3 4 6 12 13 14 17 18 19 20 20 22 22 23 24 25 26 27 27 30 31 33 34 35 37 38 39 39 40 40 42 42 43 44 45 45 47 49 50 51 51 53 54 54 55 57 57 58 59 60 60 60 60 61 61 63 63 64 64 65 65 66 66 67 68 69 69 70 70 70 73 75 76 78 78 78 81 81 83 83 87 87 88 88 90 91 92 93 93 94 95 97 97 98 99 99 99 100 101 102 103 104 105 106 106 107 109 109 110 112 114 117 119 120 122 125 126 128 129 129 130 130 131 132 133 134 134 135 136 136 137 137 138 138 139 141 141 142 143 144 145 145 146 147 148 
10 8 6 11 8 8 4 11 5 11 4 4 8 5 6 6 8 7 10 6 7 4 6 11 4 4 9 6 4 8 8 10 5 8 4 4 8 4 5 6 11 4 7 7 10 7 8 10 11 11 11 10 4 5 11 10 6 6 8 6 8 5 8 7 4 8 5 11 9 8 8 9 8 10 4 8 8 8 7 8 4 9 10 4 7 5 10 9 10 10 5 4 4 9 5 5 6 4 5 6 8 5 5 11 4 9 7 8 8 11 9 4 8 6 9 5 7 7 7 5 11 8 4 4 7 4 6 6 4 8 5 10 11 4 11 5 8 5 8 5 4 8 4 8 4 8 9 5 7 6 
1 1 1 1 1 1 1 1 1 1 1 1 1 1 1 1 1 1 1 1 1 1 1 1 1 1 1 1 1 1 1 1 1 1 1 1 1 1 1 1 1 1 1 1 1 1 1 1 1 1 1 1 1 1 1 1 1 1 1 1 1 1 1 1 1 1 1 1 1 1 1 1 1 1 1 1 1 1 1 1 1 1 1 1 1 1 1 1 1 1 1 1 1 1 1 1 1 1 1 1 1 1 1 1 1 1 1 1 1 1 1 1 1 1 1 1 1 1 1 1 1 1 1 1 1 1 1 1 1 1 1 1 1 1 1 1 1 1 1 1 1 1 1 1 1 1 1 1 1 1 
150
152
12
10000
5 72
8 50
14 72
21 71
32 77
37 124
50 8
65 107
65 129
67 109
71 21
72 5
72 14
77 32
85 133
85 143
91 141
93 103
94 107
103 93
107 65
107 94
107 126
109 67
118 131
124 37
126 107
129 65
131 118
133 85
141 91
143 85
