3 3 4 5 5 5 5 6 6 7 8 8 8 8 10 10 11 16 17 18 19 19 19 22 23 23 24 25 25 25 25 27 28 29 30 31 31 32 32 34 34 35 36 37 41 42 45 47 48 48 49 50 51 51 51 51 51 52 52 54 54 56 57 60 61 63 64 67 67 68 70 73 74 76 76 77 79 81 82 83 83 83 87 88 91 93 93 93 93 94 94 94 94 94 95 95 95 95 98 98 99 102 102 103 104 105 108 108 110 110 111 111 112 112 114 115 115 116 116 117 118 119 120 126 127 128 128 129 130 134 134 137 137 138 138 138 139 139 139 140 140 140 141 141 142 143 143 144 144 148 
10 10 6 11 10 10 6 10 8 5 4 8 11 5 8 4 7 5 7 10 11 4 5 8 6 8 5 4 7 8 11 10 9 8 11 5 7 9 7 6 6 10 9 8 10 7 8 7 9 4 5 6 5 9 5 8 6 9 6 8 8 8 11 5 4 4 4 6 10 5 6 10 5 6 8 9 10 4 5 6 4 8 6 7 11 11 7 4 5 11 4 9 5 4 11 5 7 5 5 7 6 8 8 5 5 5 11 8 9 4 8 8 4 8 9 8 4 5 4 8 9 4 6 4 5 8 6 6 8 4 5 4 5 10 6 10 8 11 7 5 5 4 8 8 5 11 11 7 10 6 
1 1 1 1 1 1 1 1 1 1 1 1 1 1 1 1 1 1 1 1 1 1 1 1 1 1 1 1 1 1 1 1 1 1 1 1 1 1 1 1 1 1 1 1 1 1 1 1 1 1 1 1 1 1 1 1 1 1 1 1 1 1 1 1 1 1 1 1 1 1 1 1 1 1 1 1 1 1 1 1 1 1 1 1 1 1 1 1 1 1 1 1 1 1 1 1 1 1 1 1 1 1 1 1 1 1 1 1 1 1 1 1 1 1 1 1 1 1 1 1 1 1 1 1 1 1 1 1 1 1 1 1 1 1 1 1 1 1 1 1 1 1 1 1 1 1 1 1 1 1 
150
152
12
10000
7 45
7 49
14 22
14 134
19 141
22 14
36 127
38 47
43 98
45 7
47 38
49 7
50 79
52 56
52 104
56 52
59 102
61 74
74 61
79 50
86 141
98 43
98 140
102 59
104 52
121 145
127 36
134 14
140 98
141 19
141 86
145 121
