0 0 0 1 1 2 3 3 3 3 4 4 4 7 7 7 9 11 12 13 16 20 20 21 21 22 22 22 22 23 23 25 25 25 25 25 30 31 32 32 35 35 35 38 41 45 46 46 51 51 52 53 53 55 55 55 57 59 61 61 62 63 64 64 65 66 69 71 71 73 73 73 74 75 76 77 77 77 77 78 78 80 82 82 82 83 83 83 84 84 86 89 90 90 91 93 93 94 94 95 96 96 97 100 103 105 106 106 107 108 110 111 111 112 113 113 113 115 115 116 117 118 118 118 119 120 121 123 125 128 129 129 130 132 135 135 136 136 137 137 138 138 138 138 138 139 142 145 145 146 
10 16 14 9 8 8 8 8 14 15 8 10 9 10 8 9 9 9 16 12 9 9 14 14 12 8 16 15 16 8 8 8 12 8 14 12 10 11 8 12 15 16 12 12 9 11 12 17 10 10 17 10 17 12 17 16 10 12 9 9 8 16 12 9 14 12 10 16 14 9 16 12 17 8 14 9 10 10 9 17 11 12 14 16 11 8 16 14 8 12 9 8 14 10 9 14 16 9 12 16 15 17 16 8 8 14 12 17 11 10 10 9 15 9 16 10 12 15 14 12 8 14 15 16 9 12 10 10 11 10 9 10 17 10 8 9 17 11 15 11 16 9 10 8 8 15 8 9 9 8 
1 1 1 1 1 1 1 1 1 1 1 1 1 1 1 1 1 1 1 1 1 1 1 1 1 1 1 1 1 1 1 1 1 1 1 1 1 1 1 1 1 1 1 1 1 1 1 1 1 1 1 1 1 1 1 1 1 1 1 1 1 1 1 1 1 1 1 1 1 1 1 1 1 1 1 1 1 1 1 1 1 1 1 1 1 1 1 1 1 1 1 1 1 1 1 1 1 1 1 1 1 1 1 1 1 1 1 1 1 1 1 1 1 1 1 1 1 1 1 1 1 1 1 1 1 1 1 1 1 1 1 1 1 1 1 1 1 1 1 1 1 1 1 1 1 1 1 1 1 1 
150
152
12
10000
4 117
8 98
9 140
12 104
19 35
20 25
25 20
26 82
31 73
35 19
50 134
58 147
63 99
73 31
74 125
79 92
82 26
82 130
90 109
92 79
98 8
99 63
104 12
109 90
117 4
117 138
125 74
130 82
134 50
138 117
140 9
147 58
