0 1 3 3 4 4 5 6 6 7 7 7 8 8 11 12 13 13 13 14 14 19 20 20 21 22 24 26 26 26 27 29 29 30 33 33 33 34 38 38 38 38 39 39 40 43 43 45 47 50 53 55 56 58 58 59 59 60 61 61 62 62 63 63 64 65 65 68 68 69 69 69 70 72 72 73 74 76 76 78 78 80 81 83 83 83 84 86 87 88 88 89 89 89 89 90 90 92 92 92 93 94 99 99 100 100 102 102 102 103 104 109 111 111 112 112 112 116 116 118 118 119 119 119 120 121 123 124 124 127 129 130 131 131 131 133 133 135 135 135 135 136 139 139 140 141 143 144 144 145 
12 11 9 11 11 8 12 16 16 9 9 16 12 8 8 12 9 16 16 16 12 14 12 17 11 9 16 12 9 17 14 12 9 9 15 8 11 11 10 14 12 17 16 9 15 9 11 9 14 10 12 12 10 16 14 14 8 14 9 17 8 16 8 9 16 16 15 11 12 14 10 11 15 14 11 15 17 8 9 9 10 9 9 14 10 9 14 8 9 9 11 14 8 15 10 11 17 11 8 12 14 9 14 17 8 8 15 11 11 10 10 8 9 16 9 15 8 9 11 8 17 11 12 12 15 11 17 12 11 8 11 9 10 9 9 8 14 14 8 14 16 16 10 15 8 8 11 9 10 8 
1 1 1 1 1 1 1 1 1 1 1 1 1 1 1 1 1 1 1 1 1 1 1 1 1 1 1 1 1 1 1 1 1 1 1 1 1 1 1 1 1 1 1 1 1 1 1 1 1 1 1 1 1 1 1 1 1 1 1 1 1 1 1 1 1 1 1 1 1 1 1 1 1 1 1 1 1 1 1 1 1 1 1 1 1 1 1 1 1 1 1 1 1 1 1 1 1 1 1 1 1 1 1 1 1 1 1 1 1 1 1 1 1 1 1 1 1 1 1 1 1 1 1 1 1 1 1 1 1 1 1 1 1 1 1 1 1 1 1 1 1 1 1 1 1 1 1 1 1 1 
150
152
12
10000
7 91
8 14
9 47
14 8
15 118
22 62
27 104
31 147
47 9
47 113
62 22
65 136
69 99
79 87
79 94
79 126
82 98
87 79
89 90
90 89
91 7
94 79
98 82
99 69
104 27
113 47
118 15
126 79
128 140
136 65
140 128
147 31
