0 2 6 6 7 8 9 9 10 10 10 11 12 12 13 14 16 16 17 18 18 19 19 19 20 20 22 22 22 24 25 26 26 31 31 31 33 35 35 41 41 45 45 47 48 49 50 50 51 51 52 52 53 54 56 56 59 59 59 61 63 63 64 65 67 67 70 71 72 73 73 76 76 78 79 80 81 81 82 82 82 86 87 88 88 88 90 91 91 92 93 95 95 96 97 97 98 98 100 101 101 102 102 105 105 108 108 109 109 110 110 112 113 114 114 115 118 118 118 120 121 121 121 122 123 123 124 126 128 129 130 132 132 133 134 134 134 135 135 136 136 136 137 137 137 137 138 138 139 144 
15 9 8 8 8 9 17 14 9 17 15 10 14 11 11 9 14 12 12 10 9 11 17 10 14 12 17 15 8 8 15 11 15 8 8 9 16 8 16 17 16 16 10 9 10 8 15 8 11 11 9 9 9 14 16 17 9 9 8 9 10 9 12 8 10 10 10 16 14 11 9 11 10 8 16 11 11 11 17 12 8 14 10 10 8 8 11 8 10 12 10 11 9 10 10 9 15 15 14 12 9 8 9 15 17 8 15 8 17 17 17 14 17 11 11 14 9 17 14 16 9 9 12 10 11 8 17 17 10 8 10 10 10 9 12 8 17 11 9 10 11 14 8 17 17 17 16 8 15 8 
1 1 1 1 1 1 1 1 1 1 1 1 1 1 1 1 1 1 1 1 1 1 1 1 1 1 1 1 1 1 1 1 1 1 1 1 1 1 1 1 1 1 1 1 1 1 1 1 1 1 1 1 1 1 1 1 1 1 1 1 1 1 1 1 1 1 1 1 1 1 1 1 1 1 1 1 1 1 1 1 1 1 1 1 1 1 1 1 1 1 1 1 1 1 1 1 1 1 1 1 1 1 1 1 1 1 1 1 1 1 1 1 1 1 1 1 1 1 1 1 1 1 1 1 1 1 1 1 1 1 1 1 1 1 1 1 1 1 1 1 1 1 1 1 1 1 1 1 1 1 
150
152
12
10000
3 64
7 119
15 113
23 86
26 133
28 132
33 77
42 44
43 106
44 42
60 79
62 128
63 136
64 3
77 33
79 60
86 23
106 43
108 132
113 15
119 7
119 138
123 126
126 123
128 62
132 28
132 108
132 135
133 26
135 132
136 63
138 119
