0 0 2 3 4 4 4 4 6 7 9 9 10 10 11 12 12 14 16 16 17 17 17 19 20 22 23 23 26 26 26 27 27 28 29 33 33 33 34 34 36 37 37 39 41 42 43 44 46 46 49 50 50 51 51 52 52 54 54 56 57 58 58 60 63 63 66 68 69 69 70 70 71 71 71 72 74 74 74 76 78 78 79 79 80 81 81 85 87 87 88 89 89 90 91 91 92 93 96 97 98 99 100 101 102 103 105 105 105 106 110 110 111 113 115 116 117 118 118 118 120 120 123 123 124 124 125 125 128 129 129 132 135 137 137 138 138 138 139 139 140 140 140 141 142 142 142 143 144 144 
9 8 17 8 8 14 16 15 12 12 10 9 9 12 16 16 8 9 11 8 9 16 17 11 16 16 15 9 9 11 17 11 15 8 8 12 17 10 11 17 10 12 14 17 9 15 8 14 8 17 15 9 14 9 14 12 11 9 17 17 10 10 9 10 12 16 10 8 8 8 8 10 9 9 16 8 8 10 14 9 15 9 8 10 11 16 11 14 8 17 8 15 14 17 8 9 12 8 8 8 16 9 15 10 9 8 15 11 15 12 11 8 11 8 16 8 8 11 9 11 10 9 15 17 17 10 15 12 10 16 16 12 17 17 17 12 16 10 9 11 11 14 12 10 11 8 12 11 10 10 
1 1 1 1 1 1 1 1 1 1 1 1 1 1 1 1 1 1 1 1 1 1 1 1 1 1 1 1 1 1 1 1 1 1 1 1 1 1 1 1 1 1 1 1 1 1 1 1 1 1 1 1 1 1 1 1 1 1 1 1 1 1 1 1 1 1 1 1 1 1 1 1 1 1 1 1 1 1 1 1 1 1 1 1 1 1 1 1 1 1 1 1 1 1 1 1 1 1 1 1 1 1 1 1 1 1 1 1 1 1 1 1 1 1 1 1 1 1 1 1 1 1 1 1 1 1 1 1 1 1 1 1 1 1 1 1 1 1 1 1 1 1 1 1 1 1 1 1 1 1 
150
152
12
10000
8 36
9 91
12 126
13 84
24 44
27 141
36 8
39 45
44 24
45 39
47 55
49 62
50 133
52 63
55 47
62 49
63 52
79 98
84 13
91 9
95 102
98 79
99 133
102 95
125 143
126 12
133 50
133 99
135 145
141 27
143 125
145 135
