1 1 1 7 7 7 7 9 9 9 11 13 15 16 17 17 17 18 18 19 20 20 22 22 22 23 23 25 25 26 28 29 29 30 31 31 32 33 34 36 37 40 40 40 41 41 41 41 43 44 45 47 47 47 48 48 49 49 50 50 53 56 56 61 63 63 64 65 68 68 69 69 70 70 71 73 73 74 75 75 77 77 78 80 83 85 86 88 88 91 92 92 93 94 94 96 99 101 102 104 104 104 105 108 111 111 111 112 112 113 113 114 116 116 119 120 120 121 121 122 123 124 125 125 128 128 130 130 130 131 133 134 135 136 137 138 141 141 142 142 143 143 143 143 145 145 145 145 146 146 
9 12 17 8 10 12 9 17 9 9 8 11 9 9 12 8 8 8 9 8 8 8 8 14 8 9 8 8 11 12 9 8 9 12 16 11 11 10 11 8 10 8 9 10 11 9 10 11 10 8 9 8 8 11 8 9 11 8 12 9 8 10 11 8 9 9 9 15 12 14 16 15 9 9 11 15 8 9 8 8 9 9 17 9 8 9 11 12 9 8 10 8 10 9 12 10 8 9 9 9 11 9 9 10 9 8 9 8 8 9 11 8 8 11 9 16 14 9 8 10 8 17 12 10 9 8 8 11 9 12 8 10 9 8 17 14 12 8 12 11 8 11 9 9 8 9 8 9 8 8 
1 1 1 1 1 1 1 1 1 1 1 1 1 1 1 1 1 1 1 1 1 1 1 1 1 1 1 1 1 1 1 1 1 1 1 1 1 1 1 1 1 1 1 1 1 1 1 1 1 1 1 1 1 1 1 1 1 1 1 1 1 1 1 1 1 1 1 1 1 1 1 1 1 1 1 1 1 1 1 1 1 1 1 1 1 1 1 1 1 1 1 1 1 1 1 1 1 1 1 1 1 1 1 1 1 1 1 1 1 1 1 1 1 1 1 1 1 1 1 1 1 1 1 1 1 1 1 1 1 1 1 1 1 1 1 1 1 1 1 1 1 1 1 1 1 1 1 1 1 1 
150
152
12
10000
6 74
7 90
9 47
17 55
30 72
37 54
40 41
41 40
47 9
48 90
49 138
54 37
55 17
59 60
59 86
60 59
65 142
72 30
74 6
82 118
86 59
90 7
90 48
94 139
107 117
109 132
117 107
118 82
132 109
138 49
139 94
142 65
