7 10 11 11 13 14 15 15 17 18 18 19 22 30 30 30 31 32 32 37 40 49 49 50 56 57 58 63 64 68 68 73 73 76 77 80 80 81 83 88 95 95 97 98 98 98 100 108 111 113 114 116 119 120 121 125 126 130 131 132 132 136 137 138 138 140 145 145 147 147 
6 6 8 13 10 14 5 5 9 5 7 4 6 8 4 11 13 7 11 13 9 13 8 13 9 6 5 12 7 7 7 6 10 7 11 4 11 7 9 11 7 6 6 4 6 6 14 6 9 6 5 6 7 7 15 5 13 11 4 11 8 12 15 9 12 12 7 7 5 5 
1 1 1 1 1 1 1 1 1 1 1 1 1 1 1 1 1 1 1 1 1 1 1 1 1 1 1 1 1 1 1 1 1 1 1 1 1 1 1 1 1 1 1 1 1 1 1 1 1 1 1 1 1 1 1 1 1 1 1 1 1 1 1 1 1 1 1 1 1 1 
70
152
4
10000
2 55
2 56
7 66
11 27
11 28
21 47
23 41
23 59
26 30
27 11
28 11
30 26
34 52
40 56
41 23
45 47
47 21
47 45
50 53
52 34
53 50
55 2
56 2
56 40
56 66
59 23
66 7
66 56
