4 5 5 5 7 9 9 9 10 11 12 13 14 16 17 20 21 22 23 26 26 28 28 28 30 31 33 34 35 35 37 37 38 38 38 40 41 41 42 45 45 46 46 47 48 48 50 51 52 52 53 54 55 56 57 58 59 60 60 60 64 64 65 65 66 67 67 68 68 68 68 71 71 73 73 75 76 77 77 79 79 79 80 81 81 83 83 84 85 86 86 87 87 89 89 89 89 89 90 91 92 93 95 96 98 99 99 99 100 101 101 103 103 105 107 107 111 112 112 113 115 116 117 118 118 119 120 122 125 126 126 126 126 127 131 133 133 136 136 137 137 137 138 138 138 142 144 144 145 146 
9 8 12 9 9 8 10 8 8 8 9 9 8 9 12 8 12 9 8 9 11 8 9 9 16 9 11 9 17 16 12 8 12 12 12 8 9 9 8 8 9 9 8 15 8 8 8 8 12 9 9 8 16 8 16 9 9 8 9 9 9 8 8 10 15 9 8 16 9 9 12 10 9 8 12 8 9 8 10 10 8 11 9 11 8 10 10 9 8 10 15 8 16 11 8 10 9 8 14 10 8 8 12 14 11 10 8 9 9 9 9 11 8 9 12 8 10 8 14 8 11 11 8 10 12 8 10 9 12 17 12 12 8 11 11 11 8 15 8 10 8 9 11 8 8 12 9 8 9 8 
1 1 1 1 1 1 1 1 1 1 1 1 1 1 1 1 1 1 1 1 1 1 1 1 1 1 1 1 1 1 1 1 1 1 1 1 1 1 1 1 1 1 1 1 1 1 1 1 1 1 1 1 1 1 1 1 1 1 1 1 1 1 1 1 1 1 1 1 1 1 1 1 1 1 1 1 1 1 1 1 1 1 1 1 1 1 1 1 1 1 1 1 1 1 1 1 1 1 1 1 1 1 1 1 1 1 1 1 1 1 1 1 1 1 1 1 1 1 1 1 1 1 1 1 1 1 1 1 1 1 1 1 1 1 1 1 1 1 1 1 1 1 1 1 1 1 1 1 1 1 
150
152
12
10000
2 41
7 132
8 94
19 90
19 134
20 29
29 20
29 128
32 110
35 60
37 99
41 2
54 118
60 35
68 92
80 143
90 19
92 68
94 8
94 97
97 94
99 37
100 113
101 136
110 32
113 100
118 54
128 29
132 7
134 19
136 101
143 80
