1 1 2 3 3 3 3 4 6 6 8 8 10 10 11 12 14 15 15 15 15 16 18 19 19 21 21 25 26 26 26 27 29 31 32 32 33 34 34 35 35 37 37 38 39 40 45 47 48 48 50 50 50 54 54 55 55 55 55 59 59 60 61 65 66 67 67 68 70 70 70 71 72 74 74 75 75 75 77 77 77 78 79 82 82 85 85 87 87 88 89 89 90 90 90 93 94 95 96 97 98 98 99 99 103 104 106 106 107 107 108 109 110 111 112 113 113 113 117 118 119 119 119 119 120 121 122 123 124 126 127 127 128 132 133 133 133 134 137 138 138 140 141 142 143 143 144 145 145 146 
9 9 10 11 11 11 9 10 12 9 8 8 15 8 10 9 9 12 9 8 8 8 11 9 9 11 9 12 12 15 9 12 9 15 9 9 9 8 8 9 9 12 10 9 10 17 9 11 10 10 16 9 8 9 8 14 9 11 8 9 9 12 8 9 8 9 9 9 9 9 8 12 8 12 8 8 8 14 11 16 8 8 8 12 12 8 9 8 11 9 8 11 8 9 8 8 12 8 10 8 8 10 10 8 9 9 9 9 10 10 14 11 14 9 8 8 8 11 9 12 9 11 10 8 14 9 10 12 14 10 9 9 8 9 8 17 8 9 10 16 16 9 10 12 8 8 8 9 9 8 
1 1 1 1 1 1 1 1 1 1 1 1 1 1 1 1 1 1 1 1 1 1 1 1 1 1 1 1 1 1 1 1 1 1 1 1 1 1 1 1 1 1 1 1 1 1 1 1 1 1 1 1 1 1 1 1 1 1 1 1 1 1 1 1 1 1 1 1 1 1 1 1 1 1 1 1 1 1 1 1 1 1 1 1 1 1 1 1 1 1 1 1 1 1 1 1 1 1 1 1 1 1 1 1 1 1 1 1 1 1 1 1 1 1 1 1 1 1 1 1 1 1 1 1 1 1 1 1 1 1 1 1 1 1 1 1 1 1 1 1 1 1 1 1 1 1 1 1 1 1 
150
152
12
10000
2 147
5 74
8 145
9 41
11 79
21 64
22 105
33 97
39 139
40 116
41 9
42 119
46 119
61 135
64 21
66 81
74 5
79 11
81 66
97 33
101 145
105 22
110 144
116 40
119 42
119 46
135 61
139 39
144 110
145 8
145 101
147 2
