1 1 2 3 3 3 4 4 4 5 6 7 8 8 9 9 9 10 11 11 11 12 14 15 16 16 17 18 19 19 20 20 21 21 21 21 22 22 23 24 24 24 25 26 27 27 28 28 29 30 31 32 33 37 45 46 46 47 47 48 49 49 49 50 51 52 52 57 60 60 61 63 64 65 65 67 69 69 69 70 70 72 73 74 78 79 81 82 83 84 85 85 86 86 86 86 88 89 89 90 92 92 92 92 93 94 96 99 100 102 102 103 104 104 104 105 105 107 107 108 109 110 110 110 111 114 114 115 115 123 124 124 126 131 132 133 135 137 137 138 139 140 141 142 142 144 145 145 145 145 
12 14 12 8 11 8 16 9 10 16 9 12 9 8 12 9 8 9 9 11 14 11 8 12 12 15 8 8 8 12 9 16 10 9 12 8 12 14 9 8 9 9 10 9 12 8 9 9 8 9 11 9 8 8 10 9 12 8 8 8 9 8 9 9 8 9 11 9 15 8 9 8 8 11 16 9 9 12 9 12 9 8 8 9 10 8 11 12 11 17 9 12 8 11 8 14 8 8 17 8 9 8 9 9 17 12 8 9 12 11 10 10 12 10 8 16 8 17 12 9 8 8 8 11 8 8 8 8 10 9 8 12 8 10 10 9 9 9 9 9 8 8 9 12 12 10 9 8 9 8 
1 1 1 1 1 1 1 1 1 1 1 1 1 1 1 1 1 1 1 1 1 1 1 1 1 1 1 1 1 1 1 1 1 1 1 1 1 1 1 1 1 1 1 1 1 1 1 1 1 1 1 1 1 1 1 1 1 1 1 1 1 1 1 1 1 1 1 1 1 1 1 1 1 1 1 1 1 1 1 1 1 1 1 1 1 1 1 1 1 1 1 1 1 1 1 1 1 1 1 1 1 1 1 1 1 1 1 1 1 1 1 1 1 1 1 1 1 1 1 1 1 1 1 1 1 1 1 1 1 1 1 1 1 1 1 1 1 1 1 1 1 1 1 1 1 1 1 1 1 1 
150
152
12
10000
5 86
8 37
12 126
17 100
26 113
30 56
37 8
43 57
48 103
52 76
54 92
56 30
57 43
64 80
66 76
69 74
72 123
74 69
76 52
76 66
80 64
86 5
92 54
100 17
103 48
103 112
112 103
113 26
123 72
126 12
142 145
145 142
