0 0 1 1 2 3 4 4 8 10 10 13 13 13 16 16 16 17 17 17 19 19 21 24 25 26 26 27 27 28 29 29 31 31 31 32 33 34 35 35 37 39 40 40 41 43 45 47 47 47 53 54 54 55 57 59 63 64 65 67 67 67 68 69 69 70 71 73 74 75 76 76 76 78 79 79 80 81 83 84 85 85 85 85 85 86 86 87 88 89 89 90 93 94 95 96 97 99 100 101 101 102 105 106 110 110 110 111 111 111 112 113 113 114 116 116 117 118 119 120 120 120 122 122 123 124 125 125 126 126 127 130 131 132 133 135 136 136 137 138 139 140 140 141 141 143 144 145 146 146 
9 5 5 5 4 8 4 4 4 6 4 8 7 6 5 9 5 5 8 8 7 4 8 7 8 5 10 4 8 4 4 4 6 9 5 4 4 7 5 6 5 11 4 6 8 6 5 6 7 5 4 5 4 5 5 8 6 4 10 5 4 9 5 5 6 4 10 7 5 4 5 6 6 4 5 7 7 8 5 5 5 4 7 7 4 4 4 4 4 5 6 11 4 8 7 5 5 5 8 8 7 5 5 4 8 8 4 4 7 7 5 4 4 5 4 7 4 4 5 5 5 8 5 8 4 5 4 4 4 4 8 5 5 5 4 4 5 4 5 8 8 5 4 8 5 8 10 7 4 4 
1 1 1 1 1 1 1 1 1 1 1 1 1 1 1 1 1 1 1 1 1 1 1 1 1 1 1 1 1 1 1 1 1 1 1 1 1 1 1 1 1 1 1 1 1 1 1 1 1 1 1 1 1 1 1 1 1 1 1 1 1 1 1 1 1 1 1 1 1 1 1 1 1 1 1 1 1 1 1 1 1 1 1 1 1 1 1 1 1 1 1 1 1 1 1 1 1 1 1 1 1 1 1 1 1 1 1 1 1 1 1 1 1 1 1 1 1 1 1 1 1 1 1 1 1 1 1 1 1 1 1 1 1 1 1 1 1 1 1 1 1 1 1 1 1 1 1 1 1 1 
150
152
12
10000
2 4
4 2
5 85
8 125
17 138
32 134
50 113
54 147
60 114
62 75
72 108
75 62
79 100
83 144
85 5
95 108
100 79
103 119
108 72
108 95
110 133
113 50
114 60
119 103
123 133
125 8
133 110
133 123
134 32
138 17
144 83
147 54
