0 2 2 4 5 6 6 7 8 8 8 8 8 9 10 12 13 13 14 16 17 18 19 20 20 22 23 23 25 26 26 27 27 28 29 31 33 35 37 40 41 41 42 42 43 43 44 44 44 44 48 49 49 50 51 54 55 56 56 57 58 59 60 61 61 62 62 64 65 66 67 68 68 69 74 74 76 76 76 77 78 80 80 82 84 84 86 88 89 90 91 93 94 95 97 98 98 101 102 102 103 103 105 105 106 107 109 110 111 111 111 113 113 113 114 114 114 116 116 117 120 122 123 126 126 128 128 129 129 129 129 130 131 132 132 132 133 133 133 134 134 135 137 139 141 142 142 144 145 145 
4 5 5 4 5 11 8 5 7 8 6 5 7 8 8 7 5 5 7 4 6 7 7 5 5 5 10 4 5 8 5 8 4 8 7 7 8 5 8 4 7 8 7 4 4 4 10 4 5 7 11 10 8 7 5 4 4 4 5 6 5 5 4 4 8 10 4 5 4 10 5 4 4 8 5 5 5 6 6 4 5 4 4 11 6 4 7 4 6 5 7 4 5 4 5 10 5 4 4 7 8 5 9 4 6 5 5 5 7 8 5 7 4 8 5 4 5 6 5 5 5 7 4 4 5 5 10 7 4 5 6 4 5 4 5 9 5 5 11 5 4 5 4 7 5 5 7 5 4 4 
1 1 1 1 1 1 1 1 1 1 1 1 1 1 1 1 1 1 1 1 1 1 1 1 1 1 1 1 1 1 1 1 1 1 1 1 1 1 1 1 1 1 1 1 1 1 1 1 1 1 1 1 1 1 1 1 1 1 1 1 1 1 1 1 1 1 1 1 1 1 1 1 1 1 1 1 1 1 1 1 1 1 1 1 1 1 1 1 1 1 1 1 1 1 1 1 1 1 1 1 1 1 1 1 1 1 1 1 1 1 1 1 1 1 1 1 1 1 1 1 1 1 1 1 1 1 1 1 1 1 1 1 1 1 1 1 1 1 1 1 1 1 1 1 1 1 1 1 1 1 
150
152
12
10000
2 19
14 136
19 2
19 82
20 123
22 27
27 22
31 77
39 61
43 141
44 102
45 110
48 105
61 39
72 84
74 100
74 116
77 31
80 94
82 19
84 72
93 143
94 80
100 74
102 44
105 48
110 45
116 74
123 20
136 14
141 43
143 93
