0 0 0 2 4 5 5 7 8 9 9 10 13 14 14 14 14 15 16 16 17 18 19 22 22 23 23 24 25 25 26 26 28 28 28 28 28 29 30 30 31 32 33 35 35 36 37 37 38 39 39 39 40 40 41 44 47 47 48 49 49 50 50 51 51 52 54 55 55 55 57 58 60 60 64 64 66 67 68 68 68 69 69 71 75 77 77 78 80 90 92 92 93 96 97 101 101 101 103 105 107 110 110 110 112 113 113 113 115 116 118 118 120 120 121 123 125 126 127 127 127 127 129 129 129 129 130 132 132 134 135 135 135 137 137 137 137 139 139 139 143 145 146 146 147 147 147 148 149 149 
5 4 7 4 6 8 5 4 5 4 5 5 6 4 8 6 5 4 5 8 5 9 6 8 4 5 7 4 11 6 7 4 4 4 9 7 8 5 5 5 10 4 4 4 5 10 5 4 4 5 6 7 5 8 7 4 4 6 4 5 10 8 8 4 5 4 4 5 8 6 5 5 10 4 5 5 7 4 5 7 6 7 5 7 10 11 5 9 10 8 4 5 8 5 5 4 10 5 6 5 4 5 6 4 6 5 4 6 5 7 5 5 4 4 4 8 5 5 4 5 8 4 6 4 4 4 7 6 4 4 7 4 5 6 5 5 8 5 4 9 6 4 5 8 7 5 5 6 5 5 
1 1 1 1 1 1 1 1 1 1 1 1 1 1 1 1 1 1 1 1 1 1 1 1 1 1 1 1 1 1 1 1 1 1 1 1 1 1 1 1 1 1 1 1 1 1 1 1 1 1 1 1 1 1 1 1 1 1 1 1 1 1 1 1 1 1 1 1 1 1 1 1 1 1 1 1 1 1 1 1 1 1 1 1 1 1 1 1 1 1 1 1 1 1 1 1 1 1 1 1 1 1 1 1 1 1 1 1 1 1 1 1 1 1 1 1 1 1 1 1 1 1 1 1 1 1 1 1 1 1 1 1 1 1 1 1 1 1 1 1 1 1 1 1 1 1 1 1 1 1 
150
152
12
10000
9 84
12 61
19 120
24 37
26 133
29 130
37 24
61 12
62 85
74 76
76 74
76 88
77 93
83 110
84 9
84 135
85 62
88 76
91 146
93 77
108 128
110 83
110 127
117 120
120 19
120 117
127 110
128 108
130 29
133 26
135 84
146 91
