0 0 0 1 3 4 5 7 8 8 9 9 11 16 17 18 20 20 22 25 26 26 27 28 29 29 31 32 35 37 38 38 39 39 40 41 41 42 43 43 44 44 45 45 46 46 47 47 49 52 54 55 57 58 58 59 60 62 62 64 66 66 67 68 68 68 68 69 69 71 71 76 77 78 79 81 82 85 86 86 86 87 87 88 89 89 89 90 90 91 92 92 93 93 94 94 94 96 97 98 100 100 101 102 102 103 106 107 109 111 112 113 114 115 115 115 119 119 120 120 123 123 124 124 124 126 129 129 130 131 131 132 132 135 136 137 138 139 140 141 142 143 145 145 146 146 146 146 148 149 
4 6 7 8 7 11 10 5 9 4 4 4 4 5 5 4 4 7 7 4 5 4 4 4 4 6 4 4 6 4 8 9 9 5 4 9 7 4 5 6 5 7 6 5 5 6 4 5 5 4 5 4 5 4 7 4 8 4 7 5 7 5 7 5 7 7 5 7 4 7 5 6 9 5 6 4 5 5 5 4 4 5 6 5 5 4 6 4 8 5 5 4 10 4 4 5 4 5 5 7 4 7 6 7 5 8 8 4 4 6 4 8 7 11 5 5 8 11 8 6 7 9 4 4 8 5 4 11 5 5 5 5 4 8 5 6 4 7 9 4 4 8 5 5 5 5 8 4 5 5 
1 1 1 1 1 1 1 1 1 1 1 1 1 1 1 1 1 1 1 1 1 1 1 1 1 1 1 1 1 1 1 1 1 1 1 1 1 1 1 1 1 1 1 1 1 1 1 1 1 1 1 1 1 1 1 1 1 1 1 1 1 1 1 1 1 1 1 1 1 1 1 1 1 1 1 1 1 1 1 1 1 1 1 1 1 1 1 1 1 1 1 1 1 1 1 1 1 1 1 1 1 1 1 1 1 1 1 1 1 1 1 1 1 1 1 1 1 1 1 1 1 1 1 1 1 1 1 1 1 1 1 1 1 1 1 1 1 1 1 1 1 1 1 1 1 1 1 1 1 1 
150
152
12
10000
6 67
8 21
12 126
16 84
17 32
21 8
22 36
32 17
33 52
36 22
41 134
49 63
49 95
52 33
63 49
65 75
66 70
67 6
70 66
73 76
75 65
76 73
84 16
89 132
92 110
95 49
105 115
110 92
115 105
126 12
132 89
134 41
