1 2 3 6 6 8 15 16 18 19 21 23 27 28 28 34 35 39 43 45 46 46 48 49 52 53 54 55 58 58 59 65 73 83 86 92 93 93 93 94 95 98 99 102 104 108 109 109 110 111 111 115 116 120 120 121 123 123 125 129 133 133 134 135 136 136 136 137 137 138 
12 10 9 14 11 16 14 9 16 11 10 9 9 10 9 10 10 11 11 8 11 16 14 10 11 10 16 19 16 17 13 8 11 8 11 14 16 11 13 10 19 11 9 10 11 11 10 11 18 11 13 15 14 11 12 10 10 17 12 11 19 19 11 10 16 16 16 9 8 14 
1 1 1 1 1 1 1 1 1 1 1 1 1 1 1 1 1 1 1 1 1 1 1 1 1 1 1 1 1 1 1 1 1 1 1 1 1 1 1 1 1 1 1 1 1 1 1 1 1 1 1 1 1 1 1 1 1 1 1 1 1 1 1 1 1 1 1 1 1 1 
70
152
4
10000
2 59
3 56
9 38
12 67
14 67
24 64
26 50
29 56
30 45
36 52
38 9
42 65
45 30
46 48
48 46
50 26
52 36
56 3
56 29
59 2
64 24
65 42
67 12
67 14
